p   muA phi     betav1 betav2   betavwU   VvAIDS Vv     VwU   VwvUAlpha             
0.09111 0.738651 0.078008 -0.108117 -0.16165 0.0843852 -0.16958 -0.0492293 0.999706 0.0304263 
-0.104622 0.678341 -0.0602527 -0.0382646 -0.07298 0.0515166 0.631828 -0.376763 0.9995 0.0355294 
-0.0743952 0.582065 -0.246232 -0.0317558 0.0698244 -0.0356562 0.859923 -0.45989 0.997795 0.174925 
-0.0605416 0.406117 -0.285878 -0.0551713 0.119383 -0.000556873 0.915431 -0.530151 0.994245 0.340374 
-0.100488 0.370815 -0.338963 -0.0745389 0.127226 -0.013233 0.932371 -0.521716 0.986706 0.30365 
-0.0830626 0.319934 -0.395309 0.0267427 0.14582 -0.107921 0.93898 -0.525747 0.975753 0.328286 
-0.0803199 0.36815 -0.433294 0.0269572 0.129073 -0.12727 0.950866 -0.556401 0.961315 0.406395 
-0.0448638 0.317865 -0.497142 0.00795358 0.162668 -0.0663097 0.961945 -0.59738 0.949292 0.436384 
0.0072456 0.235655 -0.539808 0.0149961 0.16158 -0.0269838 0.968349 -0.628092 0.933931 0.492991 
0.035951 0.21161 -0.564137 0.0073658 0.17052 -0.032925 0.972686 -0.642656 0.91639 0.52868 
0.0480539 0.189736 -0.581708 -0.00331586 0.159211 0.0228016 0.977353 -0.671211 0.89939 0.583683 
0.0749887 0.169568 -0.640092 0.0517194 0.166703 -0.00753338 0.98052 -0.698019 0.87631 0.592646 
0.100852 0.146628 -0.660003 0.0888222 0.14747 -0.0380057 0.98152 -0.704889 0.844813 0.603385 
0.0635193 0.111132 -0.659855 0.0675051 0.147531 -6.53544e-05 0.982744 -0.716494 0.806588 0.586142 
0.0706946 0.0993728 -0.676656 0.054454 0.111886 -0.00140479 0.983514 -0.714676 0.770381 0.581677 
0.128576 0.0955478 -0.698919 0.0341645 0.106053 0.0152322 0.984233 -0.710226 0.723612 0.587201 
0.150017 0.0882496 -0.710427 0.0512533 0.154302 0.0290886 0.985933 -0.722493 0.6821 0.60197 
0.165088 0.0789635 -0.706446 0.0932844 0.166456 0.03395 0.986251 -0.732622 0.625569 0.581875 
0.185714 0.0664285 -0.707101 0.0856885 0.160604 0.0558303 0.987223 -0.738373 0.554249 0.603684 
0.203731 0.0547221 -0.723151 0.0840411 0.153775 0.0720925 0.98846 -0.742094 0.511873 0.614465 
0.225594 0.0603907 -0.730991 0.0763806 0.166842 0.0510447 0.988697 -0.745385 0.466185 0.625883 
0.244139 0.0653585 -0.726912 0.0558003 0.15283 0.0455691 0.988722 -0.74707 0.431729 0.628933 
0.246652 0.0541796 -0.728259 0.0428655 0.158486 0.0646476 0.989257 -0.737548 0.379194 0.62293 
0.273748 0.037549 -0.733574 0.0558641 0.160678 0.0764617 0.989755 -0.738868 0.338205 0.621243 
0.281754 0.0566269 -0.73388 0.0594601 0.146051 0.0671168 0.989798 -0.732599 0.278546 0.616177 
0.282764 0.0580775 -0.745518 0.0539722 0.143705 0.0512598 0.989914 -0.722728 0.214332 0.616096 
0.297513 0.0608856 -0.74426 0.0411144 0.129662 0.0634074 0.989919 -0.714145 0.155778 0.599988 
0.326919 0.0671277 -0.75203 0.0162149 0.137015 0.0964057 0.990218 -0.70269 0.113914 0.594204 
0.356016 0.061919 -0.753722 0.0313409 0.144269 0.0933337 0.990495 -0.710076 0.034058 0.58353 
0.37473 0.0667588 -0.750695 0.0357108 0.132134 0.08879 0.990616 -0.697432 -0.0163362 0.572769 
0.385593 0.0496853 -0.752028 0.0497543 0.127757 0.0867014 0.990841 -0.692333 -0.0400159 0.572858 
0.396392 0.0363158 -0.749355 0.0155229 0.141451 0.0824732 0.991182 -0.681417 -0.0645387 0.581723 
0.40089 0.0540007 -0.749396 0.0168268 0.131479 0.105885 0.991249 -0.674361 -0.0906201 0.574997 
0.438674 0.0608369 -0.752756 0.0220831 0.126841 0.125371 0.991721 -0.675764 -0.115354 0.568871 
0.472897 0.0850876 -0.768968 0.0351359 0.132391 0.114742 0.992553 -0.696112 -0.16221 0.570904 
0.491651 0.0863425 -0.767646 0.0228909 0.150476 0.127526 0.992633 -0.69681 -0.183639 0.57302 
0.531842 0.123148 -0.773437 0.0346496 0.168506 0.146014 0.992974 -0.69671 -0.205604 0.563162 
0.554473 0.103559 -0.771414 0.0313109 0.174991 0.142506 0.992992 -0.689764 -0.233032 0.550698 
0.590842 0.100123 -0.773266 0.0304798 0.186617 0.145221 0.993297 -0.69094 -0.267052 0.557444 
0.602052 0.1072 -0.77166 0.0153735 0.201582 0.176165 0.993497 -0.687572 -0.299404 0.566337 
0.615729 0.131068 -0.776917 0.0138134 0.193799 0.171519 0.993547 -0.677581 -0.303328 0.551624 
0.624362 0.105632 -0.777919 0.00150709 0.190239 0.173905 0.993585 -0.662397 -0.334017 0.534658 
0.645239 0.0959486 -0.784746 0.0137237 0.199494 0.180883 0.993767 -0.651678 -0.372185 0.537045 
0.652056 0.0749611 -0.786599 0.0272137 0.215483 0.211507 0.99374 -0.647656 -0.389024 0.523227 
0.658164 0.0647765 -0.78959 0.0368675 0.211345 0.219151 0.993773 -0.642029 -0.392137 0.523261 
0.66878 0.0400349 -0.795225 0.0203176 0.211984 0.224936 0.994096 -0.633556 -0.425189 0.514527 
0.683537 0.0315177 -0.791368 0.0146507 0.227895 0.249106 0.994054 -0.620231 -0.441875 0.506913 
0.702358 0.0298144 -0.795518 -0.0317126 0.217184 0.244283 0.994218 -0.593949 -0.45417 0.501125 
0.713595 0.0521023 -0.788611 -0.0142277 0.212624 0.257364 0.994331 -0.575858 -0.480858 0.482781 
0.719974 0.0767892 -0.791013 -0.00693899 0.207773 0.25901 0.994446 -0.572778 -0.474462 0.461897 
0.734911 0.0766221 -0.802452 0.0180235 0.237517 0.268319 0.994793 -0.572985 -0.484502 0.463406 
0.742962 0.0858196 -0.799986 0.0181423 0.235613 0.273313 0.994805 -0.554185 -0.474643 0.438788 
0.744785 0.110862 -0.795736 -0.00012916 0.231647 0.286378 0.994822 -0.555311 -0.47905 0.413749 
0.759126 0.11952 -0.796554 -0.00829063 0.247663 0.292048 0.994944 -0.556528 -0.49341 0.401533 
0.772154 0.141506 -0.803839 0.00724871 0.256401 0.315312 0.995135 -0.539057 -0.504511 0.349207 
0.776972 0.141728 -0.796053 -0.0093157 0.262432 0.312239 0.995042 -0.504293 -0.513616 0.315958 
0.787831 0.144935 -0.791202 0.00222913 0.241241 0.307893 0.994953 -0.470777 -0.511344 0.290816 
0.790737 0.140929 -0.787213 0.00031962 0.249917 0.323902 0.994971 -0.454678 -0.512802 0.279474 
0.793559 0.154525 -0.784673 0.00803167 0.244222 0.324934 0.994887 -0.438317 -0.498862 0.265259 
0.800404 0.169969 -0.779754 -0.000525 0.235004 0.339069 0.994996 -0.406016 -0.517056 0.259726 
0.803863 0.165754 -0.777716 -0.0162164 0.250032 0.357192 0.995018 -0.398599 -0.531 0.261948 
0.807052 0.15558 -0.778616 -0.0166261 0.275637 0.372041 0.995147 -0.372778 -0.524881 0.233763 
0.813763 0.148692 -0.776816 0.0120098 0.255118 0.373185 0.995007 -0.35883 -0.526943 0.204315 
0.820609 0.152982 -0.780654 0.012772 0.274054 0.364551 0.99514 -0.34538 -0.541833 0.190731 
0.830432 0.171466 -0.781944 -0.00438917 0.267593 0.353946 0.995307 -0.339416 -0.546586 0.179964 
0.836193 0.173509 -0.780764 -0.0109606 0.313705 0.360661 0.995464 -0.318887 -0.545366 0.176129 
0.834834 0.182568 -0.777415 -0.0107333 0.30071 0.366303 0.995204 -0.272251 -0.51801 0.172391 
0.832963 0.17935 -0.772356 0.00298895 0.301992 0.361197 0.994971 -0.243534 -0.519944 0.168924 
0.829276 0.161635 -0.763465 0.00553113 0.287986 0.352287 0.994649 -0.17836 -0.514357 0.138099 
0.834503 0.155626 -0.758791 0.0193885 0.276844 0.333534 0.994556 -0.117571 -0.503856 0.136647 
0.839234 0.176199 -0.751751 0.0106053 0.294278 0.342028 0.994521 -0.0732009 -0.497934 0.124286 
0.84279 0.177219 -0.744957 -0.00367647 0.295912 0.343655 0.994552 -0.00650146 -0.493486 0.111999 
0.845462 0.169817 -0.737838 -0.000680818 0.293852 0.343806 0.994524 0.019292 -0.483714 0.0891374 
0.849699 0.171513 -0.730309 -0.0221944 0.300064 0.3509 0.994436 0.0661123 -0.4705 0.0959919 
0.848642 0.15376 -0.729167 -0.00138879 0.286002 0.342084 0.994389 0.089663 -0.464595 0.0745348 
0.848863 0.177197 -0.729299 -0.0012666 0.274963 0.342207 0.994331 0.123917 -0.462363 0.0552661 
0.854977 0.128045 -0.716664 0.0452178 0.27976 0.342678 0.994379 0.20142 -0.480709 0.0545243 
0.85852 0.133686 -0.717971 0.0295159 0.296636 0.350683 0.994406 0.239517 -0.462544 0.0297523 
0.857746 0.134277 -0.701162 0.00125165 0.283796 0.342542 0.994104 0.272575 -0.468626 0.0139444 
0.862566 0.124629 -0.695423 -0.0260839 0.282592 0.37675 0.994082 0.301343 -0.470895 0.0177781 
