p mu muA phi betawU betawT betav1 betav2 betavT betavwU betavwT VvAIDS Vv VvU VvTAlpha VwU VwTAlpha VwvUAlpha VwvTAlpha Fw Fv Fvw prev popthous 
0.92525 0.020408 0.795686 0.61925 0.1 0.05 0.0049265 0.047795 0.01 0.03385 0.05 0.06575 0.13725 0.0260843 1 0.0856037 0.3 0.7165 1 0 0 0 0.0223 34433 
0.90875 0.020408 0.991483 0.69575 0.1 0.05 0.0046325 0.023785 0.01 0.01855 0.05 0.09325 0.13825 0.044896 1 0.0798272 0.3 0.2845 1 0 0 0 0.0223 34433 
0.87425 0.020408 0.94349 0.90725 0.1 0.05 0.0024275 0.025745 0.01 0.09505 0.05 0.06225 0.10575 0.0355327 1 0.0869901 0.3 0.7345 1 0 0 0 0.0223 34433 
0.90275 0.020408 1.01188 0.83975 0.1 0.05 0.0017415 0.016925 0.01 0.08785 0.05 0.07225 0.10525 0.0463932 1 0.0738197 0.3 0.3205 1 0 0 0 0.0223 34433 
0.92975 0.020408 0.947473 0.94325 0.1 0.05 0.0027705 0.003205 0.01 0.08515 0.05 0.08425 0.11625 0.0516003 1 0.0911492 0.3 0.2305 1 0 0 0 0.0223 34433 
0.89225 0.020408 1.05642 0.67775 0.1 0.05 0.0011535 0.005655 0.01 0.02485 0.05 0.08125 0.14475 0.0329587 1 0.0851416 0.3 0.5545 1 0 0 0 0.0223 34433 
0.83225 0.020408 0.84612 0.51575 0.1 0.05 0.0009085 0.046325 0.01 0.06355 0.05 0.09025 0.12075 0.0550398 1 0.0899939 0.3 0.6175 1 0 0 0 0.0223 34433 
0.93275 0.020408 0.939449 0.83525 0.1 0.05 0.0020355 0.039955 0.01 0.06985 0.05 0.05375 0.14875 0.0179356 1 0.0816757 0.3 0.2035 1 0 0 0 0.0223 34433 
0.82175 0.020408 0.959098 0.74975 0.1 0.05 0.0023785 0.028685 0.01 0.02575 0.05 0.09425 0.11775 0.0644625 1 0.0825999 0.3 0.5635 1 0 0 0 0.0223 34433 
0.82775 0.020408 1.00167 0.88475 0.1 0.05 0.0012025 0.013985 0.01 0.01585 0.05 0.09225 0.14775 0.0391655 1 0.0849105 0.3 0.3295 1 0 0 0 0.0223 34433 
0.94625 0.020408 1.10478 0.76775 0.1 0.05 0.0031135 0.048775 0.01 0.08155 0.05 0.08975 0.12375 0.0516761 1 0.0761303 0.3 0.2755 1 0 0 0 0.0223 34433 
0.92075 0.020408 0.880052 0.73625 0.1 0.05 0.0040445 0.038975 0.01 0.02305 0.05 0.09625 0.11575 0.0712407 1 0.0779788 0.3 0.5095 1 0 0 0 0.0223 34433 
0.86375 0.020408 1.03705 0.74525 0.1 0.05 0.0007125 0.006635 0.01 0.08065 0.05 0.08675 0.10975 0.0625084 1 0.0745129 0.3 0.4015 1 0 0 0 0.0223 34433 
0.86975 0.020408 1.24539 0.58775 0.1 0.05 0.0040935 0.045835 0.01 0.07795 0.05 0.06275 0.13225 0.0257347 1 0.0775166 0.3 0.5725 1 0 0 0 0.0223 34433 
0.94325 0.020408 1.04852 0.71825 0.1 0.05 0.0044855 0.044855 0.01 0.09865 0.05 0.08325 0.14125 0.0356035 1 0.0888386 0.3 0.9685 1 0 0 0 0.0223 34433 
0.84425 0.020408 1.04464 0.59225 0.1 0.05 0.0008595 0.030645 0.01 0.03475 0.05 0.07975 0.11525 0.0471028 1 0.082831 0.3 0.6445 1 0 0 0 0.0223 34433 
0.92225 0.020408 0.994884 0.81725 0.1 0.05 0.0010065 0.009085 0.01 0.04645 0.05 0.08475 0.13875 0.0377476 1 0.0772856 0.3 0.7435 1 0 0 0 0.0223 34433 
0.90425 0.020408 1.13054 0.57875 0.1 0.05 0.0034075 0.003695 0.01 0.08425 0.05 0.06075 0.13375 0.0242205 1 0.0742818 0.3 0.3745 1 0 0 0 0.0223 34433 
0.81275 0.020408 0.899945 0.84425 0.1 0.05 0.0032605 0.047305 0.01 0.09685 0.05 0.05575 0.12625 0.0233061 1 0.0805204 0.3 0.4915 1 0 0 0 0.0223 34433 
0.88625 0.020408 0.951401 0.91175 0.1 0.05 0.0002715 0.001245 0.01 0.05275 0.05 0.06975 0.11725 0.0361431 1 0.0795962 0.3 0.8515 1 0 0 0 0.0223 34433 
0.91925 0.020408 1.08164 0.94775 0.1 0.05 0.0039465 0.007125 0.01 0.06175 0.05 0.06425 0.13275 0.0264654 1 0.0793651 0.3 0.6985 1 0 0 0 0.0223 34433 
0.92675 0.020408 0.977506 0.75425 0.1 0.05 0.0025255 0.021335 0.01 0.04915 0.05 0.07525 0.12175 0.0385007 1 0.0726644 0.3 0.1855 1 0 0 0 0.0223 34433 
0.87125 0.020408 0.811899 0.92975 0.1 0.05 0.0013005 0.005165 0.01 0.08875 0.05 0.06175 0.14575 0.022043 1 0.090687 0.3 0.6535 1 0 0 0 0.0223 34433 
0.91775 0.020408 1.1601 0.93875 0.1 0.05 0.0009575 0.035055 0.01 0.03745 0.05 0.08075 0.12425 0.0419814 1 0.0916113 0.3 0.1675 1 0 0 0 0.0223 34433 
0.89075 0.020408 0.962871 0.78125 0.1 0.05 0.0001245 0.018885 0.01 0.01945 0.05 0.09725 0.10925 0.0883493 1 0.0802894 0.3 0.1765 1 0 0 0 0.0223 34433 
0.80225 0.020408 1.00844 0.93425 0.1 0.05 0.0015945 0.021825 0.01 0.01135 0.05 0.05475 0.13125 0.0215925 1 0.0819068 0.3 0.6355 1 0 0 0 0.0223 34433 
0.91475 0.020408 0.826471 0.84875 0.1 0.05 0.0013985 0.026235 0.01 0.02125 0.05 0.09375 0.12125 0.0593467 1 0.0784409 0.3 0.1945 1 0 0 0 0.0223 34433 
0.86525 0.020408 0.904659 0.81275 0.1 0.05 0.0029665 0.029175 0.01 0.07075 0.05 0.06125 0.11075 0.0322121 1 0.0830621 0.3 0.5275 1 0 0 0 0.0223 34433 
0.92375 0.020408 1.02964 0.61025 0.1 0.05 0.0004675 0.012025 0.01 0.01225 0.05 0.07375 0.10075 0.0526722 1 0.078903 0.3 0.6715 1 0 0 0 0.0223 34433 
0.88775 0.020408 1.09525 0.72275 0.1 0.05 0.0026725 0.010555 0.01 0.07975 0.05 0.06775 0.12475 0.0313304 1 0.0765924 0.3 0.8965 1 0 0 0 0.0223 34433 
0.85475 0.020408 0.91827 0.66425 0.1 0.05 0.0038485 0.036035 0.01 0.06265 0.05 0.08375 0.10225 0.068386 1 0.0839863 0.3 0.9415 1 0 0 0 0.0223 34433 
0.82025 0.020408 1.06873 0.65975 0.1 0.05 0.0034565 0.020845 0.01 0.05995 0.05 0.09875 0.13425 0.0532068 1 0.0782098 0.3 0.3025 1 0 0 0 0.0223 34433 
0.80975 0.020408 0.777104 0.64625 0.1 0.05 0.0006635 0.039465 0.01 0.01765 0.05 0.05775 0.11025 0.0296775 1 0.0858348 0.3 0.9595 1 0 0 0 0.0223 34433 
0.93575 0.020408 1.18057 0.80375 0.1 0.05 0.0048285 0.027705 0.01 0.01405 0.05 0.08275 0.12325 0.0445165 1 0.0846795 0.3 0.9055 1 0 0 0 0.0223 34433 
0.91175 0.020408 0.89022 0.83075 0.1 0.05 0.0005655 0.017415 0.01 0.04465 0.05 0.05325 0.11475 0.0249487 1 0.0703538 0.3 0.1045 1 0 0 0 0.0223 34433 
0.90725 0.020408 0.863818 0.72725 0.1 0.05 0.0043385 0.031135 0.01 0.08695 0.05 0.06525 0.12225 0.0305207 1 0.0728954 0.3 0.1315 1 0 0 0 0.0223 34433 
0.84875 0.020408 0.913816 0.56975 0.1 0.05 0.0023295 0.038485 0.01 0.02935 0.05 0.09125 0.10475 0.0819555 1 0.0920734 0.3 0.9775 1 0 0 0 0.0223 34433 
0.92825 0.020408 0.895135 0.86225 0.1 0.05 0.0039955 0.044365 0.01 0.01495 0.05 0.05725 0.11825 0.0264771 1 0.0722023 0.3 0.4195 1 0 0 0 0.0223 34433 
0.85325 0.020408 1.02241 0.62375 0.1 0.05 0.0045345 0.006145 0.01 0.04375 0.05 0.08625 0.10675 0.0660026 1 0.0694295 0.3 0.3835 1 0 0 0 0.0223 34433 
0.80075 0.020408 1.22287 0.80825 0.1 0.05 0.0043875 0.014965 0.01 0.03295 0.05 0.09825 0.12925 0.0571105 1 0.0733576 0.3 0.7885 1 0 0 0 0.0223 34433 
0.83825 0.020408 1.05244 0.89825 0.1 0.05 0.0030645 0.004675 0.01 0.02035 0.05 0.07775 0.14175 0.0318073 1 0.0758992 0.3 0.2935 1 0 0 0 0.0223 34433 
0.84575 0.020408 0.81936 0.68675 0.1 0.05 0.0030155 0.020355 0.01 0.01045 0.05 0.09525 0.12025 0.0628279 1 0.0812136 0.3 0.4375 1 0 0 0 0.0223 34433 
0.81575 0.020408 0.966597 0.52025 0.1 0.05 0.0008105 0.035545 0.01 0.01315 0.05 0.05425 0.14975 0.0179936 1 0.0696606 0.3 0.6895 1 0 0 0 0.0223 34433 
0.85775 0.020408 0.852208 0.92075 0.1 0.05 0.0048775 0.007615 0.01 0.06625 0.05 0.09475 0.11325 0.0724731 1 0.0886075 0.3 0.3475 1 0 0 0 0.0223 34433 
0.91325 0.020408 1.02601 0.55175 0.1 0.05 0.0049755 0.019375 0.01 0.03925 0.05 0.07425 0.13675 0.0313195 1 0.0909181 0.3 0.8335 1 0 0 0 0.0223 34433 
0.91625 0.020408 1.01535 0.50225 0.1 0.05 0.0021825 0.017905 0.01 0.05365 0.05 0.05875 0.11675 0.0279837 1 0.0835242 0.3 0.4645 1 0 0 0 0.0223 34433 
0.89675 0.020408 1.07727 0.88925 0.1 0.05 0.0038975 0.037015 0.01 0.06085 0.05 0.09275 0.12575 0.0535115 1 0.0740507 0.3 0.2215 1 0 0 0 0.0223 34433 
0.89975 0.020408 1.14771 0.82175 0.1 0.05 0.0026235 0.011045 0.01 0.06445 0.05 0.08825 0.14025 0.0396873 1 0.0923045 0.3 0.8875 1 0 0 0 0.0223 34433 
0.86075 0.020408 1.04082 0.57425 0.1 0.05 0.0014475 0.036525 0.01 0.03205 0.05 0.09775 0.14425 0.0452838 1 0.0832931 0.3 0.9235 1 0 0 0 0.0223 34433 
0.86225 0.020408 1.25924 0.86675 0.1 0.05 0.0041425 0.033585 0.01 0.05455 0.05 0.05175 0.14625 0.0174687 1 0.0777477 0.3 0.5185 1 0 0 0 0.0223 34433 
0.80375 0.020408 0.909281 0.60575 0.1 0.05 0.0033585 0.048285 0.01 0.07255 0.05 0.07925 0.10025 0.0625258 1 0.0883764 0.3 0.9145 1 0 0 0 0.0223 34433 
0.93725 0.020408 0.931181 0.61475 0.1 0.05 0.0047305 0.031625 0.01 0.07705 0.05 0.07575 0.12525 0.0371336 1 0.0715091 0.3 0.3565 1 0 0 0 0.0223 34433 
0.93425 0.020408 0.869374 0.50675 0.1 0.05 0.0042895 0.013495 0.01 0.09235 0.05 0.06475 0.14675 0.0232804 1 0.0786719 0.3 0.4105 1 0 0 0 0.0223 34433 
0.88025 0.020408 1.2766 0.77225 0.1 0.05 0.0025745 0.046815 0.01 0.09325 0.05 0.09925 0.13325 0.0546347 1 0.0731265 0.3 0.6265 1 0 0 0 0.0223 34433 
0.80675 0.020408 1.16665 0.53375 0.1 0.05 0.0021335 0.024275 0.01 0.05725 0.05 0.07175 0.12275 0.035133 1 0.0913802 0.3 0.7075 1 0 0 0 0.0223 34433 
0.83675 0.020408 0.754637 0.73175 0.1 0.05 0.0036035 0.018395 0.01 0.05545 0.05 0.08025 0.14825 0.0311757 1 0.0756682 0.3 0.3655 1 0 0 0 0.0223 34433 
0.94775 0.020408 0.99825 0.56075 0.1 0.05 0.0028685 0.014475 0.01 0.09775 0.05 0.07475 0.14375 0.0293588 1 0.0735886 0.3 0.4825 1 0 0 0 0.0223 34433 
0.88925 0.020408 0.981059 0.69125 0.1 0.05 0.0003695 0.026725 0.01 0.04015 0.05 0.07825 0.10725 0.0523147 1 0.0708159 0.3 0.7705 1 0 0 0 0.0223 34433 
0.88475 0.020408 1.10969 0.54275 0.1 0.05 0.0027215 0.034565 0.01 0.03115 0.05 0.05525 0.14525 0.0191459 1 0.0724333 0.3 0.2125 1 0 0 0 0.0223 34433 
0.83375 0.020408 0.874782 0.65075 0.1 0.05 0.0015455 0.011535 0.01 0.02665 0.05 0.08725 0.14075 0.0386921 1 0.0890696 0.3 0.8155 1 0 0 0 0.0223 34433 
0.84125 0.020408 0.926948 0.87125 0.1 0.05 0.0046815 0.002225 0.01 0.08335 0.05 0.07275 0.10425 0.0478722 1 0.0853727 0.3 0.8785 1 0 0 0 0.0223 34433 
0.86825 0.020408 0.833279 0.52475 0.1 0.05 0.0011045 0.037505 0.01 0.06715 0.05 0.08575 0.12975 0.0432568 1 0.0879143 0.3 0.8245 1 0 0 0 0.0223 34433 
0.89525 0.020408 1.09997 0.63725 0.1 0.05 0.0018395 0.019865 0.01 0.01675 0.05 0.06825 0.11375 0.0366516 1 0.0717401 0.3 0.1225 1 0 0 0 0.0223 34433 
0.83525 0.020408 0.970277 0.60125 0.1 0.05 0.0033095 0.032605 0.01 0.08965 0.05 0.09975 0.12775 0.0607148 1 0.0705848 0.3 0.9865 1 0 0 0 0.0223 34433 
0.84275 0.020408 0.955275 0.79475 0.1 0.05 0.0035545 0.037995 0.01 0.05095 0.05 0.05625 0.13975 0.0206003 1 0.075206 0.3 0.5905 1 0 0 0 0.0223 34433 
0.80525 0.020408 1.1361 0.54725 0.1 0.05 0.0006145 0.016435 0.01 0.09955 0.05 0.05025 0.13575 0.0184919 1 0.086528 0.3 0.1495 1 0 0 0 0.0223 34433 
0.81875 0.020408 0.973913 0.79925 0.1 0.05 0.0017905 0.013005 0.01 0.04285 0.05 0.09175 0.13175 0.0476811 1 0.0701227 0.3 0.7975 1 0 0 0 0.0223 34433 
0.91025 0.020408 1.11986 0.70025 0.1 0.05 0.0016435 0.042895 0.01 0.03655 0.05 0.08525 0.13075 0.042223 1 0.0821378 0.3 0.5365 1 0 0 0 0.0223 34433 
0.89375 0.020408 1.07296 0.90275 0.1 0.05 0.0029175 0.001735 0.01 0.06805 0.05 0.07125 0.11175 0.0405985 1 0.0918423 0.3 0.1135 1 0 0 0 0.0223 34433 
0.84725 0.020408 1.12513 0.55625 0.1 0.05 0.0024765 0.045345 0.01 0.06535 0.05 0.07625 0.14725 0.0291781 1 0.0897628 0.3 0.2485 1 0 0 0 0.0223 34433 
0.93875 0.020408 0.885195 0.76325 0.1 0.05 0.0007615 0.032115 0.01 0.09055 0.05 0.06325 0.14325 0.0233026 1 0.0768235 0.3 0.6625 1 0 0 0 0.0223 34433 
0.93125 0.020408 1.01886 0.77675 0.1 0.05 0.0028195 0.024765 0.01 0.08605 0.05 0.07025 0.11925 0.0355761 1 0.0814446 0.3 0.5815 1 0 0 0 0.0223 34433 
0.89825 0.020408 1.19591 0.59675 0.1 0.05 0.0001735 0.041915 0.01 0.07525 0.05 0.09075 0.12825 0.0491856 1 0.0770545 0.3 0.4285 1 0 0 0 0.0223 34433 
0.94175 0.020408 1.1538 0.79025 0.1 0.05 0.0003205 0.033095 0.01 0.02395 0.05 0.07075 0.10175 0.0475413 1 0.0837552 0.3 0.8425 1 0 0 0 0.0223 34433 
0.94025 0.020408 1.23348 0.52925 0.1 0.05 0.0019375 0.028195 0.01 0.09145 0.05 0.08225 0.13525 0.0374733 1 0.0893007 0.3 0.2395 1 0 0 0 0.0223 34433 
0.82625 0.020408 0.690263 0.51125 0.1 0.05 0.0032115 0.049265 0.01 0.05815 0.05 0.07725 0.13775 0.0329119 1 0.0902249 0.3 0.4735 1 0 0 0 0.0223 34433 
0.90125 0.020408 1.06457 0.71375 0.1 0.05 0.0047795 0.049755 0.01 0.07435 0.05 0.05675 0.10875 0.0295123 1 0.0881454 0.3 0.7255 1 0 0 0 0.0223 34433 
0.87725 0.020408 1.14182 0.68225 0.1 0.05 0.0037505 0.015945 0.01 0.04825 0.05 0.05125 0.13625 0.0188736 1 0.0747439 0.3 0.6085 1 0 0 0 0.0223 34433 
0.83975 0.020408 1.00158 0.88025 0.1 0.05 0.0037995 0.043385 0.01 0.05185 0.05 0.08175 0.14925 0.0317398 1 0.0763613 0.3 0.5455 1 0 0 0 0.0223 34433 
0.85925 0.020408 1.00504 0.66875 0.1 0.05 0.0036525 0.010065 0.01 0.03835 0.05 0.07875 0.10125 0.0601631 1 0.0862969 0.3 0.3385 1 0 0 0 0.0223 34433 
0.94925 0.020408 0.723585 0.89375 0.1 0.05 0.0031625 0.009575 0.01 0.04555 0.05 0.08875 0.12675 0.0481852 1 0.0860658 0.3 0.5005 1 0 0 0 0.0223 34433 
0.85025 0.020408 0.839819 0.58325 0.1 0.05 0.0005165 0.012515 0.01 0.03025 0.05 0.06375 0.13925 0.0244855 1 0.0842174 0.3 0.9505 1 0 0 0 0.0223 34433 
0.85625 0.020408 0.935347 0.70475 0.1 0.05 0.0016925 0.029665 0.01 0.07345 0.05 0.05275 0.12725 0.0214142 1 0.0800583 0.3 0.2665 1 0 0 0 0.0223 34433 
0.90575 0.020408 0.766513 0.85775 0.1 0.05 0.0020845 0.025255 0.01 0.02215 0.05 0.08775 0.13025 0.0447981 1 0.0791341 0.3 0.7525 1 0 0 0 0.0223 34433 
0.82325 0.020408 1.18804 0.75875 0.1 0.05 0.0042405 0.034075 0.01 0.09415 0.05 0.09675 0.10625 0.0965801 1 0.0754371 0.3 0.7615 1 0 0 0 0.0223 34433 
0.88325 0.020408 1.17346 0.74075 0.1 0.05 0.0012515 0.041425 0.01 0.04735 0.05 0.06925 0.10375 0.044041 1 0.0872211 0.3 0.1405 1 0 0 0 0.0223 34433 
0.87575 0.020408 0.922646 0.65525 0.1 0.05 0.0002225 0.015455 0.01 0.02755 0.05 0.07325 0.10325 0.0494382 1 0.071278 0.3 0.8605 1 0 0 0 0.0223 34433 
0.82475 0.020408 1.21321 0.70925 0.1 0.05 0.0013495 0.040935 0.01 0.09595 0.05 0.05825 0.11875 0.0269751 1 0.0698917 0.3 0.9325 1 0 0 0 0.0223 34433 
0.82925 0.020408 0.740834 0.53825 0.1 0.05 0.0022805 0.027215 0.01 0.05905 0.05 0.08925 0.10825 0.0696002 1 0.071047 0.3 0.8695 1 0 0 0 0.0223 34433 
0.81425 0.020408 0.984572 0.67325 0.1 0.05 0.0004185 0.008595 0.01 0.02845 0.05 0.06025 0.10275 0.0353118 1 0.090456 0.3 0.8065 1 0 0 0 0.0223 34433 
0.87275 0.020408 0.804033 0.63275 0.1 0.05 0.0045835 0.023295 0.01 0.03565 0.05 0.09575 0.13475 0.0495944 1 0.0823689 0.3 0.3925 1 0 0 0 0.0223 34433 
0.85175 0.020408 1.03332 0.91625 0.1 0.05 0.0041915 0.022315 0.01 0.06895 0.05 0.05075 0.12875 0.0200465 1 0.0876833 0.3 0.4465 1 0 0 0 0.0223 34433 
0.87875 0.020408 1.06047 0.87575 0.1 0.05 0.0014965 0.040445 0.01 0.04105 0.05 0.05975 0.14225 0.0217915 1 0.0809825 0.3 0.7795 1 0 0 0 0.0223 34433 
0.86675 0.020408 0.988046 0.82625 0.1 0.05 0.0019865 0.030155 0.01 0.05635 0.05 0.05925 0.11975 0.0273105 1 0.0895317 0.3 0.3115 1 0 0 0 0.0223 34433 
0.94475 0.020408 0.858101 0.56525 0.1 0.05 0.0022315 0.042405 0.01 0.04195 0.05 0.06725 0.11425 0.0355297 1 0.086759 0.3 0.1585 1 0 0 0 0.0223 34433 
0.80825 0.020408 0.786757 0.62825 0.1 0.05 0.0035055 0.022805 0.01 0.07615 0.05 0.06875 0.11275 0.0376393 1 0.074975 0.3 0.5995 1 0 0 0 0.0223 34433 
0.88175 0.020408 1.20427 0.85325 0.1 0.05 0.0018885 0.008105 0.01 0.05005 0.05 0.06625 0.11125 0.0362047 1 0.0807515 0.3 0.2575 1 0 0 0 0.0223 34433 
0.81725 0.020408 1.0861 0.64175 0.1 0.05 0.0010555 0.002715 0.01 0.07165 0.05 0.06675 0.10775 0.0386497 1 0.0874522 0.3 0.9955 1 0 0 0 0.0223 34433 
0.81125 0.020408 1.11472 0.92525 0.1 0.05 0.0037015 0.004185 0.01 0.07885 0.05 0.07675 0.14275 0.0308576 1 0.0719712 0.3 0.4555 1 0 0 0 0.0223 34433 
0.83075 0.020408 1.09063 0.78575 0.1 0.05 0.0044365 0.043875 0.01 0.08245 0.05 0.05225 0.11225 0.0250554 1 0.0844484 0.3 0.6805 1 0 0 0 0.0223 34433 
