    muA     betawT                   VwU VwTAlpha     Fw         
0.9494 -0.00233629 0.99993 -0.0153721 -0.0242688 
0.932559 0.0412241 0.999925 0.466458 -0.779296 
0.760098 0.0972244 0.999796 0.737727 -0.931501 
0.381092 0.154904 0.999374 0.768459 -0.943209 
0.124989 0.185463 0.998597 0.77635 -0.94748 
0.00183095 0.211249 0.997369 0.77231 -0.947806 
-0.0486512 0.258066 0.995478 0.75992 -0.94591 
-0.0804652 0.29789 0.99304 0.753142 -0.944549 
-0.0869984 0.339003 0.989976 0.747358 -0.943876 
-0.0840004 0.378496 0.986484 0.74243 -0.944181 
-0.0802398 0.415421 0.982597 0.74104 -0.944704 
-0.0713143 0.451021 0.978425 0.740811 -0.945598 
-0.0652169 0.485406 0.973975 0.739995 -0.946941 
-0.0521923 0.521719 0.969244 0.740271 -0.948345 
-0.0441686 0.558628 0.96468 0.740867 -0.950196 
-0.0381017 0.595269 0.960333 0.742511 -0.952293 
-0.0345753 0.629669 0.955966 0.743099 -0.954328 
-0.0267066 0.661704 0.951829 0.744091 -0.956324 
-0.0214574 0.690572 0.947664 0.743199 -0.957973 
-0.016594 0.718324 0.943781 0.743519 -0.959608 
-0.0119539 0.74099 0.939706 0.743104 -0.96099 
-0.00991113 0.762646 0.935836 0.741993 -0.962268 
-0.00664246 0.781236 0.931681 0.739598 -0.963221 
-0.00557141 0.798037 0.927367 0.736718 -0.964045 
-0.00415225 0.813355 0.923431 0.733665 -0.964872 
-0.00203675 0.82665 0.918864 0.729812 -0.965419 
3.5839e-05 0.838464 0.914009 0.724072 -0.965862 
0.00573962 0.849247 0.909285 0.718591 -0.966261 
0.00792158 0.858758 0.904254 0.711822 -0.966472 
0.0086901 0.867088 0.899245 0.705029 -0.966632 
0.0083932 0.874623 0.894029 0.697345 -0.966738 
0.0101911 0.881233 0.888332 0.688505 -0.966683 
0.0126589 0.887362 0.882929 0.680069 -0.966672 
0.0137222 0.892309 0.876749 0.669806 -0.966422 
0.0145314 0.897269 0.870596 0.658581 -0.966185 
0.0185264 0.901795 0.864304 0.648074 -0.965984 
0.0190124 0.905681 0.857935 0.635752 -0.965572 
0.020667 0.909721 0.851865 0.623832 -0.965311 
0.0208218 0.913258 0.845243 0.612194 -0.964977 
0.0230266 0.916295 0.83841 0.599879 -0.964521 
0.0244757 0.919316 0.831392 0.58645 -0.964139 
0.0225189 0.921848 0.824223 0.571942 -0.963571 
0.0233713 0.924232 0.816867 0.557131 -0.963011 
0.0243991 0.926303 0.808634 0.541044 -0.962332 
0.0244835 0.928312 0.801507 0.526662 -0.96173 
0.0227128 0.930417 0.794099 0.510441 -0.961194 
0.021012 0.932031 0.785663 0.492195 -0.960422 
0.0217237 0.933733 0.777976 0.475026 -0.959752 
0.0214111 0.935433 0.770215 0.459144 -0.959135 
0.0213976 0.937155 0.762893 0.442241 -0.958605 
0.0223486 0.938514 0.755532 0.424058 -0.957908 
0.0229887 0.940027 0.747498 0.405558 -0.957298 
0.0240951 0.941272 0.739534 0.386479 -0.956632 
0.0246207 0.942501 0.73163 0.367546 -0.955972 
0.0239806 0.943711 0.723867 0.349147 -0.955405 
0.0230567 0.944898 0.715841 0.329925 -0.954795 
0.0227335 0.946014 0.707518 0.310107 -0.954128 
0.0224027 0.946996 0.699821 0.29179 -0.953549 
0.0217934 0.947943 0.691821 0.273591 -0.952927 
0.0205569 0.948759 0.683773 0.25444 -0.952208 
0.0204135 0.949693 0.676035 0.23624 -0.951572 
0.0185434 0.950513 0.668518 0.216675 -0.950913 
0.0178702 0.951334 0.660975 0.19703 -0.950266 
0.0173273 0.952072 0.653289 0.179517 -0.949644 
0.0168062 0.95291 0.645444 0.160583 -0.949049 
0.0167147 0.953677 0.637762 0.141525 -0.948412 
0.0171879 0.954348 0.630168 0.123441 -0.947828 
0.0173774 0.955075 0.623671 0.105828 -0.947286 
0.0172401 0.955823 0.616641 0.0881567 -0.946809 
0.0157339 0.956507 0.609036 0.0719254 -0.946264 
0.0164248 0.957046 0.601599 0.0539293 -0.945591 
0.0147077 0.957638 0.5942 0.0373652 -0.94505 
0.0137937 0.95822 0.585671 0.0188794 -0.944388 
0.0135883 0.958813 0.578998 0.00188917 -0.943879 
0.0148544 0.959436 0.571512 -0.0143596 -0.943443 
0.0137261 0.959919 0.564322 -0.0313586 -0.94285 
0.012295 0.960428 0.557489 -0.0475249 -0.942327 
0.0116119 0.960892 0.550045 -0.061883 -0.941801 
0.0116543 0.961328 0.542246 -0.0769691 -0.941187 
0.0103673 0.961837 0.534256 -0.0921846 -0.940859 
