    muA     betawT                   VwU VwTAlpha     Fw         
-0.00312428 -0.00221177 0.00251776 -0.000250204 0.00203237 
-0.0141492 0.0390292 0.973426 -0.0923481 0.999309 
-0.010788 0.04647 0.97328 -0.204715 0.999322 
0.0012098 0.032306 -0.00381139 0.00800197 0.718502 
0.0139795 0.0371989 -0.0789006 0.012555 -0.000217503 
-0.0152265 -0.00385598 -0.0231781 -0.0116336 -0.171068 
0.0203173 -0.00591906 -0.0199891 -0.00966972 -0.165747 
0.00963021 -0.00793103 -0.00697967 -0.0074529 -0.126781 
0.0027196 -0.00861128 -0.00244653 0.000369525 -0.0880789 
0.00133927 0.00156912 -0.00156432 0.0009283 -0.0527707 
-0.000534218 0.00318048 0.0016599 0.0022686 -0.034071 
0.000740019 -0.00136003 0.00161391 -0.000957203 -0.0148414 
-0.00169653 0.00340357 0.000595601 -0.00039066 -0.0074973 
-0.00197132 0.00175631 -0.00202277 0.00251898 -0.00410972 
0.000840508 -0.0012787 -0.00151489 0.000694477 -0.0034827 
0.00158195 -0.00278979 -0.003287 0.00328753 -0.00330407 
0.00324511 0.00180751 -0.00327279 -0.0007482 0.00358954 
0.00324511 0.00180751 -0.00327279 -0.0007482 0.00358954 
0.00324511 0.00180751 -0.00327279 -0.0007482 0.00358954 
0.00324511 0.00180751 -0.00327279 -0.0007482 0.00358954 
0.00324511 0.00180751 -0.00327279 -0.0007482 0.00358954 
0.00324511 0.00180751 -0.00327279 -0.0007482 0.00358954 
0.00324511 0.00180751 -0.00327279 -0.0007482 0.00358954 
0.00324511 0.00180751 -0.00327279 -0.0007482 0.00358954 
0.00324511 0.00180751 -0.00327279 -0.0007482 0.00358954 
0.00324511 0.00180751 -0.00327279 -0.0007482 0.00358954 
0.00324511 0.00180751 -0.00327279 -0.0007482 0.00358954 
0.00324511 0.00180751 -0.00327279 -0.0007482 0.00358954 
0.00324511 0.00180751 -0.00327279 -0.0007482 0.00358954 
0.00324511 0.00180751 -0.00327279 -0.0007482 0.00358954 
0.00324511 0.00180751 -0.00327279 -0.0007482 0.00358954 
0.00324511 0.00180751 -0.00327279 -0.0007482 0.00358954 
0.00324511 0.00180751 -0.00327279 -0.0007482 0.00358954 
0.00324511 0.00180751 -0.00327279 -0.0007482 0.00358954 
0.00324511 0.00180751 -0.00327279 -0.0007482 0.00358954 
0.00324511 0.00180751 -0.00327279 -0.0007482 0.00358954 
0.00324511 0.00180751 -0.00327279 -0.0007482 0.00358954 
0.00324511 0.00180751 -0.00327279 -0.0007482 0.00358954 
0.00324511 0.00180751 -0.00327279 -0.0007482 0.00358954 
0.00324511 0.00180751 -0.00327279 -0.0007482 0.00358954 
0.00324511 0.00180751 -0.00327279 -0.0007482 0.00358954 
0.00324511 0.00180751 -0.00327279 -0.0007482 0.00358954 
0.00324511 0.00180751 -0.00327279 -0.0007482 0.00358954 
0.00324511 0.00180751 -0.00327279 -0.0007482 0.00358954 
0.00324511 0.00180751 -0.00327279 -0.0007482 0.00358954 
0.00324511 0.00180751 -0.00327279 -0.0007482 0.00358954 
0.00324511 0.00180751 -0.00327279 -0.0007482 0.00358954 
0.00324511 0.00180751 -0.00327279 -0.0007482 0.00358954 
0.00324511 0.00180751 -0.00327279 -0.0007482 0.00358954 
0.00324511 0.00180751 -0.00327279 -0.0007482 0.00358954 
0.00324511 0.00180751 -0.00327279 -0.0007482 0.00358954 
0.00324511 0.00180751 -0.00327279 -0.0007482 0.00358954 
0.00324511 0.00180751 -0.00327279 -0.0007482 0.00358954 
0.00324511 0.00180751 -0.00327279 -0.0007482 0.00358954 
0.00324511 0.00180751 -0.00327279 -0.0007482 0.00358954 
0.00324511 0.00180751 -0.00327279 -0.0007482 0.00358954 
0.00324511 0.00180751 -0.00327279 -0.0007482 0.00358954 
0.00324511 0.00180751 -0.00327279 -0.0007482 0.00358954 
0.00324511 0.00180751 -0.00327279 -0.0007482 0.00358954 
0.00324511 0.00180751 -0.00327279 -0.0007482 0.00358954 
0.00324511 0.00180751 -0.00327279 -0.0007482 0.00358954 
0.00324511 0.00180751 -0.00327279 -0.0007482 0.00358954 
0.00324511 0.00180751 -0.00327279 -0.0007482 0.00358954 
0.00324511 0.00180751 -0.00327279 -0.0007482 0.00358954 
0.00324511 0.00180751 -0.00327279 -0.0007482 0.00358954 
0.00324511 0.00180751 -0.00327279 -0.0007482 0.00358954 
0.00324511 0.00180751 -0.00327279 -0.0007482 0.00358954 
0.00324511 0.00180751 -0.00327279 -0.0007482 0.00358954 
0.00324511 0.00180751 -0.00327279 -0.0007482 0.00358954 
0.00324511 0.00180751 -0.00327279 -0.0007482 0.00358954 
0.00324511 0.00180751 -0.00327279 -0.0007482 0.00358954 
0.00324511 0.00180751 -0.00327279 -0.0007482 0.00358954 
0.00324511 0.00180751 -0.00327279 -0.0007482 0.00358954 
0.00324511 0.00180751 -0.00327279 -0.0007482 0.00358954 
0.00324511 0.00180751 -0.00327279 -0.0007482 0.00358954 
0.00324511 0.00180751 -0.00327279 -0.0007482 0.00358954 
0.00324511 0.00180751 -0.00327279 -0.0007482 0.00358954 
0.00324511 0.00180751 -0.00327279 -0.0007482 0.00358954 
0.00324511 0.00180751 -0.00327279 -0.0007482 0.00358954 
0.00324511 0.00180751 -0.00327279 -0.0007482 0.00358954 
