p   muA phi   betawT betav1 betav2 betavT betavwU betavwT VvAIDS Vv   VvTAlpha VwU VwTAlpha VwvUAlpha VwvTAlpha Fw Fv Fvw     
-0.0136437 0.925272 -0.0114232 0.00412314 0.0231101 0.041629 0.00164036 0.0147208 0.0159724 0.00703119 0.0066223 0.00396706 0.999898 0.0145331 0.000410019 -0.0170492 -0.00292334 -0.0296794 -0.0190509 
0.019633 0.792608 -0.356844 -0.022041 0.0179125 0.0278769 0.0284667 -0.0220767 0.0255257 0.864537 -0.467737 -0.024404 0.999666 0.241151 0.269172 -0.0448715 -0.49861 -0.0498591 0.0324797 
0.0529964 0.349036 -0.363365 -0.00685672 0.0367452 0.0110899 0.0391897 -0.0425167 0.00872938 0.884349 -0.506054 -0.0107767 0.996852 0.240564 0.292819 -0.0374977 -0.532457 -0.0416722 0.0203066 
0.0586044 0.15219 -0.357487 0.0197771 0.0451435 0.00555704 0.027358 -0.037736 0.00812352 0.886671 -0.492083 0.00775649 0.987837 0.247913 0.291046 -0.0339431 -0.528376 -0.0434516 0.0219231 
0.0776817 0.0781388 -0.366302 0.0294559 0.0532824 0.0222038 0.0251148 -0.0318566 0.019606 0.898461 -0.492566 0.0392495 0.972511 0.273304 0.305163 -0.0236825 -0.550055 -0.0497133 0.011413 
0.103504 0.0578987 -0.383656 0.043678 0.0617001 0.0260661 0.0240024 -0.0173952 0.0171254 0.914919 -0.50091 0.0567059 0.953399 0.309522 0.329406 -0.0125545 -0.579875 -0.050136 0.00295984 
0.13072 0.0543371 -0.417818 0.0463784 0.0631973 0.0271072 0.033544 -0.00999027 0.0142257 0.931485 -0.512528 0.0698614 0.932165 0.349295 0.360587 -0.0119359 -0.611206 -0.0578373 -0.0084155 
0.155746 0.0573685 -0.453731 0.0505156 0.053746 0.0226645 0.0418699 -0.00574081 0.0162675 0.945955 -0.528375 0.0930226 0.909845 0.392498 0.392226 -0.0106907 -0.642137 -0.0682482 -0.0194663 
0.183296 0.0629926 -0.498378 0.0477819 0.0500824 0.019175 0.0467568 -0.00103422 0.0127886 0.957177 -0.544077 0.11774 0.888373 0.44088 0.425339 -0.0130199 -0.66968 -0.0909934 -0.0195163 
0.211954 0.0713589 -0.536201 0.0495703 0.0432887 0.0182293 0.0490379 0.00302846 0.0119094 0.965037 -0.559583 0.150872 0.86549 0.483243 0.448561 -0.0122256 -0.691844 -0.117567 -0.0243928 
0.244558 0.081573 -0.568657 0.0546606 0.0393046 0.0139589 0.045172 0.00862483 0.0140866 0.970594 -0.57033 0.191193 0.841543 0.519229 0.470778 -0.0110334 -0.709655 -0.147796 -0.0253256 
0.273671 0.0900976 -0.593878 0.0583182 0.0368896 0.0130046 0.0437372 0.0159859 0.0165866 0.974524 -0.579108 0.230892 0.81578 0.543634 0.485414 -0.0137202 -0.722041 -0.178678 -0.0300767 
0.303569 0.10082 -0.614616 0.0669771 0.0357461 0.0124532 0.0431439 0.0205182 0.0152497 0.977522 -0.586105 0.273026 0.787969 0.568429 0.497595 -0.0129421 -0.728612 -0.213783 -0.0322894 
0.336202 0.11276 -0.633142 0.0762945 0.0354468 0.0096144 0.040955 0.0270021 0.0133293 0.979796 -0.588821 0.316556 0.757345 0.591808 0.504558 -0.0143751 -0.732828 -0.246459 -0.0328808 
0.364525 0.122596 -0.64668 0.0850649 0.036696 0.00895104 0.0415058 0.0322382 0.00836582 0.981367 -0.585841 0.362316 0.724574 0.608773 0.509216 -0.0119934 -0.732249 -0.277435 -0.034513 
0.39174 0.129222 -0.656858 0.0933137 0.036253 0.00551406 0.0392971 0.0391014 0.00449444 0.982525 -0.580115 0.404242 0.690152 0.621646 0.508212 -0.0119457 -0.728421 -0.30846 -0.0357498 
0.418142 0.136638 -0.666384 0.101832 0.0334158 0.00612581 0.0403395 0.0474099 0.00568852 0.983531 -0.572728 0.444079 0.656491 0.63497 0.504696 -0.0113769 -0.723221 -0.338116 -0.039549 
0.44333 0.14324 -0.672745 0.10609 0.0335429 0.00550179 0.0388508 0.0535088 0.00202049 0.984309 -0.562007 0.483319 0.622183 0.644687 0.499074 -0.00941276 -0.717086 -0.36413 -0.0380883 
0.466657 0.148547 -0.678013 0.112863 0.0345537 0.00593197 0.0380365 0.0607856 0.00181173 0.984946 -0.547346 0.518785 0.588828 0.655381 0.493513 -0.00598844 -0.708436 -0.390868 -0.0406666 
0.489225 0.154764 -0.681036 0.12004 0.0320219 0.00746341 0.035842 0.0689968 0.00172617 0.985397 -0.53018 0.553057 0.555861 0.661857 0.485724 -0.00189341 -0.698129 -0.413206 -0.0427725 
0.508549 0.161287 -0.682546 0.127554 0.0309474 0.00815069 0.0360246 0.0779289 0.00129221 0.985772 -0.510958 0.585402 0.526612 0.668442 0.474957 0.00138557 -0.686605 -0.4385 -0.0426564 
0.528669 0.168204 -0.683162 0.129351 0.0321327 0.00783414 0.035851 0.0842789 0.00172878 0.986043 -0.492554 0.614084 0.500408 0.673845 0.464265 0.00367934 -0.674919 -0.460583 -0.0448531 
0.543688 0.17142 -0.68279 0.135069 0.0300738 0.00815324 0.0357604 0.0906731 0.00249104 0.986201 -0.46911 0.639579 0.474285 0.67736 0.452747 0.00690016 -0.660371 -0.481922 -0.0472089 
0.560152 0.176604 -0.680867 0.13811 0.0305049 0.00788482 0.0348006 0.100907 0.00231983 0.986269 -0.439576 0.662724 0.450227 0.680574 0.439683 0.00842584 -0.643689 -0.500583 -0.0481503 
0.574476 0.180091 -0.678342 0.142808 0.0327088 0.00905486 0.035079 0.107569 0.00312377 0.986242 -0.40759 0.682501 0.428647 0.682456 0.425736 0.0123003 -0.626381 -0.517521 -0.0512834 
0.585933 0.182453 -0.67458 0.148072 0.0344595 0.00943377 0.0343326 0.110222 0.00291434 0.986115 -0.373267 0.700141 0.406623 0.682962 0.409537 0.0184114 -0.606632 -0.529741 -0.0510891 
0.597298 0.185791 -0.669994 0.152753 0.0373555 0.00917914 0.0307813 0.115648 0.0043507 0.985973 -0.340569 0.716611 0.389733 0.683991 0.393277 0.0192056 -0.585294 -0.543943 -0.0504427 
0.606017 0.186151 -0.662704 0.153433 0.0380976 0.00994391 0.0323418 0.119415 0.00589267 0.985745 -0.302252 0.730248 0.373708 0.682879 0.376069 0.0205585 -0.563278 -0.556187 -0.051165 
0.613985 0.187983 -0.655246 0.156091 0.0395543 0.00751822 0.0298774 0.122125 0.00713842 0.985444 -0.262996 0.743581 0.35794 0.682032 0.357939 0.0248107 -0.54009 -0.565681 -0.0505906 
0.623744 0.186965 -0.649855 0.16006 0.0405403 0.00854877 0.0260464 0.125125 0.00590598 0.985281 -0.225829 0.755921 0.349167 0.682429 0.340999 0.0293742 -0.520371 -0.576833 -0.0526711 
0.630048 0.18927 -0.643134 0.1605 0.0382255 0.0074671 0.0255171 0.126741 0.0085671 0.984982 -0.184055 0.766037 0.339844 0.681742 0.32679 0.0333773 -0.500109 -0.585241 -0.0537661 
0.634142 0.189848 -0.633951 0.159465 0.0378805 0.00626188 0.0255003 0.128297 0.00814347 0.984557 -0.141842 0.77488 0.330796 0.679306 0.309603 0.0353013 -0.476246 -0.592797 -0.0558146 
0.637249 0.188469 -0.624645 0.159001 0.0383471 0.00430521 0.0257639 0.132278 0.0074071 0.984048 -0.0986239 0.781617 0.320836 0.676832 0.293715 0.038474 -0.45321 -0.598659 -0.0565168 
0.642527 0.186585 -0.616053 0.158836 0.0405598 0.00558984 0.0247538 0.13582 0.00808385 0.983549 -0.0548748 0.789145 0.313233 0.673559 0.27852 0.0407069 -0.428673 -0.604396 -0.0547615 
0.645555 0.186807 -0.606159 0.157801 0.0412528 0.00493872 0.0235177 0.133766 0.00899356 0.982993 -0.0186801 0.795867 0.309537 0.670848 0.263386 0.0427345 -0.404191 -0.60909 -0.0547843 
0.647845 0.185669 -0.596525 0.158132 0.0426415 0.00667046 0.0200646 0.132464 0.00993789 0.982387 0.0206808 0.801126 0.305542 0.666982 0.248381 0.045305 -0.379819 -0.612826 -0.052346 
0.649722 0.182345 -0.585737 0.156898 0.0468366 0.00654818 0.0193489 0.13097 0.00937989 0.981761 0.0581851 0.805503 0.298652 0.663876 0.234589 0.046271 -0.358134 -0.616477 -0.0519153 
0.651964 0.181437 -0.576571 0.156427 0.0442359 0.00884546 0.0182617 0.134325 0.00932076 0.981158 0.0940056 0.8101 0.293648 0.660824 0.220388 0.0464807 -0.337637 -0.620153 -0.0523607 
0.653612 0.180646 -0.567094 0.156024 0.0451937 0.00881079 0.0162367 0.133454 0.0108976 0.980501 0.130206 0.815096 0.289769 0.657303 0.208889 0.0466923 -0.316372 -0.623455 -0.0488341 
0.655158 0.17949 -0.55643 0.155607 0.0466124 0.0100106 0.0141221 0.132179 0.0130011 0.979808 0.16036 0.818949 0.288777 0.653444 0.194277 0.0464834 -0.296203 -0.624622 -0.0461553 
0.656733 0.178787 -0.546482 0.156046 0.046833 0.00847143 0.0118524 0.13109 0.011892 0.979048 0.192272 0.822131 0.286192 0.649946 0.181859 0.049349 -0.277264 -0.625157 -0.0450761 
0.656063 0.176581 -0.535808 0.15756 0.0479423 0.008208 0.0121569 0.132163 0.0107484 0.97829 0.223533 0.825605 0.282298 0.646546 0.171788 0.0471251 -0.258663 -0.62557 -0.0450364 
0.657341 0.175272 -0.525741 0.156157 0.0516162 0.00775406 0.011958 0.132405 0.0100239 0.977516 0.251034 0.82846 0.281864 0.642712 0.159441 0.0469081 -0.24162 -0.626453 -0.0470073 
0.658134 0.174504 -0.516321 0.155228 0.0507618 0.00891401 0.010518 0.132741 0.0103398 0.976721 0.277653 0.831419 0.281034 0.640666 0.149218 0.0492339 -0.22474 -0.627922 -0.0445545 
0.658018 0.173136 -0.507603 0.154515 0.0522996 0.00858305 0.00764003 0.131697 0.0109111 0.975921 0.300992 0.83382 0.280799 0.638819 0.139036 0.050775 -0.20825 -0.628645 -0.041544 
0.657968 0.169193 -0.498332 0.153561 0.0548225 0.00680997 0.00710446 0.130951 0.0120212 0.975079 0.32201 0.83585 0.278974 0.634867 0.12999 0.0477711 -0.194273 -0.62945 -0.0396575 
0.657841 0.167808 -0.489952 0.15019 0.0567318 0.00666534 0.0079432 0.13008 0.0149345 0.974184 0.343914 0.838118 0.27886 0.631646 0.11996 0.0449372 -0.180978 -0.629239 -0.0390718 
0.658439 0.166901 -0.482486 0.149175 0.0582619 0.00677543 0.00743935 0.129125 0.0143504 0.973392 0.364384 0.840519 0.281024 0.628839 0.11107 0.0449382 -0.169645 -0.628665 -0.0394867 
0.657573 0.165005 -0.475257 0.147857 0.0598931 0.00538838 0.00621596 0.126415 0.0157063 0.972538 0.382582 0.842655 0.281047 0.626949 0.103924 0.0439232 -0.157725 -0.628165 -0.0382805 
0.656996 0.163915 -0.467901 0.145796 0.0620132 0.00490627 0.0056957 0.125357 0.0140151 0.971673 0.401572 0.844619 0.282114 0.624838 0.0950407 0.0438096 -0.146772 -0.628974 -0.0387898 
0.657922 0.162578 -0.459557 0.144077 0.0614145 0.00375938 0.00616817 0.124581 0.0144197 0.970824 0.418337 0.846349 0.283177 0.622638 0.0885871 0.0427013 -0.135414 -0.628446 -0.038527 
0.657505 0.160064 -0.450998 0.143135 0.0620092 0.00199155 0.0052014 0.125253 0.0144121 0.969886 0.433313 0.847926 0.282627 0.620252 0.0825318 0.0436959 -0.125615 -0.627802 -0.0360253 
0.657091 0.158467 -0.443803 0.140679 0.0629503 3.70098e-05 0.00301389 0.123522 0.0160809 0.968906 0.447193 0.849156 0.282947 0.617533 0.0771894 0.0433165 -0.115295 -0.626968 -0.034814 
0.65666 0.157406 -0.435464 0.139675 0.0626353 0.000791982 0.00187282 0.123083 0.0170342 0.967976 0.459959 0.85062 0.283107 0.615624 0.0705597 0.0432011 -0.107013 -0.626453 -0.0339521 
0.656359 0.156073 -0.427016 0.138375 0.064801 0.0014417 0.00121982 0.122044 0.0173633 0.967067 0.472603 0.852018 0.283348 0.614047 0.0639084 0.0421925 -0.0984202 -0.625892 -0.0351974 
0.656157 0.155454 -0.42003 0.135555 0.0655691 0.00259029 0.000787328 0.122226 0.0176705 0.966112 0.484528 0.852989 0.284346 0.610765 0.057972 0.0403171 -0.0893739 -0.624251 -0.0356481 
0.655994 0.154078 -0.411895 0.135815 0.0668184 0.00182285 -0.000618414 0.122077 0.0185136 0.965123 0.495985 0.854166 0.284621 0.608823 0.0512235 0.0401046 -0.0827378 -0.622811 -0.0362477 
0.655812 0.152429 -0.405349 0.135148 0.0690837 0.00328445 -0.00303472 0.121104 0.018903 0.964254 0.506607 0.855636 0.285331 0.607968 0.0449134 0.0395457 -0.0751132 -0.622346 -0.0357878 
0.655353 0.150038 -0.398534 0.133808 0.0689652 0.00452362 -0.00536228 0.119543 0.0177706 0.963323 0.516837 0.856761 0.285542 0.605484 0.0396437 0.0387961 -0.0705911 -0.621359 -0.0358469 
0.65523 0.148721 -0.39259 0.133092 0.0698794 0.00608605 -0.00715072 0.12005 0.0198851 0.962403 0.52651 0.857995 0.286402 0.603713 0.0357886 0.0384093 -0.0633023 -0.621365 -0.0348026 
0.654843 0.147026 -0.384973 0.131913 0.0706119 0.00800517 -0.00831425 0.120075 0.0204293 0.961342 0.535012 0.859049 0.286919 0.601522 0.0309996 0.0372004 -0.0589937 -0.619779 -0.0351977 
0.655039 0.146103 -0.379123 0.131737 0.0704618 0.00838641 -0.00926984 0.119163 0.0219871 0.960412 0.543821 0.860003 0.287947 0.600343 0.0255288 0.0363925 -0.0551225 -0.618781 -0.0350949 
0.655208 0.14377 -0.372886 0.129554 0.071005 0.00890777 -0.0104452 0.118858 0.0225556 0.959473 0.55282 0.861043 0.288414 0.598942 0.0212247 0.0359711 -0.0499536 -0.617378 -0.0348645 
0.654693 0.142628 -0.367587 0.128301 0.0726159 0.0103253 -0.00996198 0.118391 0.023731 0.958426 0.560469 0.861662 0.289311 0.597403 0.0171068 0.035625 -0.0460461 -0.615617 -0.0357834 
0.654464 0.141349 -0.361429 0.128106 0.0735218 0.0104134 -0.0111594 0.116256 0.0244791 0.957474 0.567297 0.862404 0.289482 0.596138 0.0135936 0.0362136 -0.0423972 -0.614041 -0.0363771 
0.654035 0.140768 -0.355752 0.12727 0.075857 0.0110208 -0.0126068 0.115433 0.0248473 0.956425 0.573618 0.863153 0.289929 0.594108 0.00980384 0.0356249 -0.0392482 -0.612582 -0.0359166 
0.654416 0.140174 -0.350845 0.126911 0.075496 0.0101819 -0.0142813 0.114461 0.0252909 0.955546 0.580806 0.864262 0.291848 0.592916 0.00584084 0.0341974 -0.0349533 -0.612036 -0.0362612 
0.654081 0.138166 -0.345634 0.126319 0.0763594 0.0101664 -0.0150146 0.113461 0.0254601 0.954553 0.586925 0.865044 0.292632 0.591561 0.00171928 0.0330813 -0.0312022 -0.610744 -0.0345623 
0.653924 0.136881 -0.341604 0.125625 0.077251 0.00919927 -0.0154476 0.112258 0.0264391 0.953633 0.593128 0.866001 0.292964 0.590314 -0.000969063 0.0328034 -0.028464 -0.609942 -0.0343184 
0.654512 0.13539 -0.337619 0.124785 0.0785414 0.010763 -0.0179472 0.111103 0.0265693 0.952801 0.599683 0.866909 0.293675 0.589963 -0.00401498 0.0319294 -0.0250826 -0.608428 -0.0346936 
0.654201 0.132865 -0.331638 0.123314 0.0800268 0.0111351 -0.0183147 0.109649 0.0262657 0.95177 0.605363 0.867661 0.294105 0.588147 -0.00673788 0.0311735 -0.0221575 -0.606588 -0.0339105 
0.654024 0.131557 -0.327144 0.12203 0.0810003 0.0112155 -0.0179051 0.109514 0.0257805 0.950854 0.610176 0.86835 0.293985 0.587732 -0.00848676 0.0303745 -0.0196403 -0.605383 -0.0333826 
0.65466 0.131924 -0.321741 0.1219 0.0819928 0.0117364 -0.0192117 0.108181 0.0258729 0.949969 0.615697 0.869307 0.294509 0.587275 -0.0124712 0.0293631 -0.0178094 -0.604258 -0.0322169 
0.655025 0.130237 -0.317218 0.122225 0.0832828 0.0115428 -0.0196168 0.107479 0.0255305 0.949124 0.620507 0.869951 0.294494 0.586694 -0.0146312 0.0279975 -0.0154846 -0.603325 -0.0323221 
0.654652 0.12947 -0.312348 0.122392 0.0839955 0.0114214 -0.019904 0.107781 0.0259226 0.948106 0.624441 0.870533 0.295519 0.585366 -0.0157845 0.0274105 -0.012965 -0.601826 -0.0319054 
0.655319 0.129031 -0.308271 0.121644 0.0855678 0.0122782 -0.0201401 0.107744 0.027206 0.947317 0.630004 0.871586 0.295659 0.58585 -0.0183903 0.0268368 -0.0123803 -0.601377 -0.0322258 
0.655589 0.12721 -0.303922 0.120608 0.0866405 0.0113165 -0.0201265 0.10671 0.0271841 0.946504 0.633689 0.872199 0.296753 0.585027 -0.0216605 0.0263734 -0.0108504 -0.60056 -0.031534 
0.655608 0.125206 -0.299487 0.119933 0.0887636 0.0118948 -0.0198548 0.105005 0.0271595 0.945642 0.637744 0.872829 0.297072 0.584677 -0.0229234 0.0262334 -0.00954401 -0.598835 -0.0314155 
0.655411 0.124619 -0.295388 0.118666 0.0891156 0.0127947 -0.0207254 0.103497 0.0273062 0.94483 0.641801 0.87339 0.298035 0.58444 -0.0243218 0.0262976 -0.00875601 -0.598023 -0.0311126 
0.655348 0.123065 -0.291747 0.118823 0.09012 0.0136952 -0.0201102 0.103102 0.028745 0.94397 0.645893 0.874025 0.298523 0.583782 -0.0255015 0.0259054 -0.00744939 -0.596543 -0.0309407 
