p   muA phi   betawT betav1 betav2 betavT betavwU betavwT VvAIDS Vv   VvTAlpha VwU VwTAlpha VwvUAlpha VwvTAlpha Fw Fv Fvw     
-0.00316616 -0.00121853 -0.000732956 0.00342685 0.00107469 -0.00120159 -0.000750105 0.00331684 -0.00207125 0.00169026 -0.00308725 0.000945375 -0.000704827 0.00012766 -0.0021504 -0.000373941 0.00134417 -0.00279993 -0.000768101 
0.0730892 -0.0302479 -0.14626 -0.0161381 -0.00733179 0.0342598 -0.00927445 -0.0573653 0.0598728 0.454554 -0.028514 -0.0523029 0.970925 -0.173153 0.0514633 -0.0296266 0.999242 0.63258 0.100414 
0.110632 -0.0588812 -0.23678 -0.010625 0.00339708 0.0421719 0.00346873 -0.0573076 0.0703177 0.629662 -0.0637953 -0.0526676 0.951448 -0.240649 0.0743926 -0.0301818 0.998801 0.797951 0.142533 
0.0439216 -0.0288167 0.00325786 -0.0157836 -0.0370117 -0.0148014 -0.00721075 0.010528 0.0415383 0.0659924 0.0158325 -0.01221 0.0435752 -0.0517841 0.0353906 -0.0180875 0.752956 0.0634066 0.00886668 
0.0060348 0.0266109 -0.0127525 0.0124873 -0.00281292 -0.00677432 0.0645892 -0.0372588 -0.0117848 -0.0255951 0.0149613 -0.00549871 -0.00489402 -0.00648389 -0.00337388 0.0150307 -0.0702721 -0.00385462 0.0221667 
0.0151756 0.0162802 -0.0262352 0.00111112 -0.00332417 0.00401791 -0.00172976 -0.0265937 0.0214735 -0.00245051 0.0193056 0.0193584 -0.0311471 0.00435483 -0.0104478 -0.00259698 -0.176595 0.011349 0.0155028 
0.00499244 -0.00947111 0.00231438 0.000169252 -0.00483484 0.00302231 0.0013853 -0.00521077 -0.00786684 -0.00925597 0.004814 -0.00772413 -0.00295502 -0.00860976 0.00579754 0.00104438 -0.114544 -0.00571309 0.00960382 
-0.00252184 0.00438683 0.00575744 -0.00445186 -0.00209196 -0.00236601 -0.000199431 0.00636056 -0.00608773 -0.00931086 0.000918407 0.00285547 -0.000587355 0.00853402 0.00399544 0.00322056 -0.0502641 -0.0096269 0.0016044 
-0.00221834 0.0033176 0.00508553 0.00204181 -0.000563401 0.0015042 -0.00238274 0.00194349 0.0019832 -0.00192858 0.00125575 -0.00120081 -0.0045231 0.00286524 0.00182146 0.0024762 -0.0149832 -0.00502741 -0.00486939 
0.00250296 0.000558887 -0.000142691 -0.00110819 0.000121245 -0.00024474 0.00275703 -0.00273641 -0.000515415 -0.00167999 -0.00367058 0.00166235 0.00040391 -0.00286559 -0.00126957 0.00257503 -0.00440783 -0.00344769 -0.000621651 
-0.00226212 -0.0028594 0.00212962 -0.000203793 -0.00146702 0.000413798 0.000596607 0.000724551 0.00089705 8.14907e-05 0.00339561 0.00247221 -0.00333141 -0.00249036 0.00276536 0.000707354 -0.00307469 -0.00308635 -0.000739414 
0.000114844 -0.000994845 0.00380274 0.00209627 -0.00205958 0.000606184 0.000853377 0.00285536 -0.00158047 -0.00317237 0.00289312 -0.00133504 -0.00235732 3.82278e-05 -0.00109455 0.00216364 -0.0030691 -0.00326085 -0.00254991 
-0.00314847 0.00173829 0.000470745 0.0037186 -0.00298891 -0.00235947 -0.0028819 0.00223346 -0.00335911 -0.000814744 -0.00154044 -7.7879e-05 0.00138201 0.00286919 0.00164398 -0.00142958 0.000117731 0.00236977 0.003599 
-0.00314847 0.00173829 0.000470745 0.0037186 -0.00298891 -0.00235947 -0.0028819 0.00223346 -0.00335911 -0.000814744 -0.00154044 -7.7879e-05 0.00138201 0.00286919 0.00164398 -0.00142958 0.000117731 0.00236977 0.003599 
-0.00314847 0.00173829 0.000470745 0.0037186 -0.00298891 -0.00235947 -0.0028819 0.00223346 -0.00335911 -0.000814744 -0.00154044 -7.7879e-05 0.00138201 0.00286919 0.00164398 -0.00142958 0.000117731 0.00236977 0.003599 
-0.00314847 0.00173829 0.000470745 0.0037186 -0.00298891 -0.00235947 -0.0028819 0.00223346 -0.00335911 -0.000814744 -0.00154044 -7.7879e-05 0.00138201 0.00286919 0.00164398 -0.00142958 0.000117731 0.00236977 0.003599 
-0.00314847 0.00173829 0.000470745 0.0037186 -0.00298891 -0.00235947 -0.0028819 0.00223346 -0.00335911 -0.000814744 -0.00154044 -7.7879e-05 0.00138201 0.00286919 0.00164398 -0.00142958 0.000117731 0.00236977 0.003599 
-0.00314847 0.00173829 0.000470745 0.0037186 -0.00298891 -0.00235947 -0.0028819 0.00223346 -0.00335911 -0.000814744 -0.00154044 -7.7879e-05 0.00138201 0.00286919 0.00164398 -0.00142958 0.000117731 0.00236977 0.003599 
-0.00314847 0.00173829 0.000470745 0.0037186 -0.00298891 -0.00235947 -0.0028819 0.00223346 -0.00335911 -0.000814744 -0.00154044 -7.7879e-05 0.00138201 0.00286919 0.00164398 -0.00142958 0.000117731 0.00236977 0.003599 
-0.00314847 0.00173829 0.000470745 0.0037186 -0.00298891 -0.00235947 -0.0028819 0.00223346 -0.00335911 -0.000814744 -0.00154044 -7.7879e-05 0.00138201 0.00286919 0.00164398 -0.00142958 0.000117731 0.00236977 0.003599 
-0.00314847 0.00173829 0.000470745 0.0037186 -0.00298891 -0.00235947 -0.0028819 0.00223346 -0.00335911 -0.000814744 -0.00154044 -7.7879e-05 0.00138201 0.00286919 0.00164398 -0.00142958 0.000117731 0.00236977 0.003599 
-0.00314847 0.00173829 0.000470745 0.0037186 -0.00298891 -0.00235947 -0.0028819 0.00223346 -0.00335911 -0.000814744 -0.00154044 -7.7879e-05 0.00138201 0.00286919 0.00164398 -0.00142958 0.000117731 0.00236977 0.003599 
-0.00314847 0.00173829 0.000470745 0.0037186 -0.00298891 -0.00235947 -0.0028819 0.00223346 -0.00335911 -0.000814744 -0.00154044 -7.7879e-05 0.00138201 0.00286919 0.00164398 -0.00142958 0.000117731 0.00236977 0.003599 
-0.00314847 0.00173829 0.000470745 0.0037186 -0.00298891 -0.00235947 -0.0028819 0.00223346 -0.00335911 -0.000814744 -0.00154044 -7.7879e-05 0.00138201 0.00286919 0.00164398 -0.00142958 0.000117731 0.00236977 0.003599 
-0.00314847 0.00173829 0.000470745 0.0037186 -0.00298891 -0.00235947 -0.0028819 0.00223346 -0.00335911 -0.000814744 -0.00154044 -7.7879e-05 0.00138201 0.00286919 0.00164398 -0.00142958 0.000117731 0.00236977 0.003599 
-0.00314847 0.00173829 0.000470745 0.0037186 -0.00298891 -0.00235947 -0.0028819 0.00223346 -0.00335911 -0.000814744 -0.00154044 -7.7879e-05 0.00138201 0.00286919 0.00164398 -0.00142958 0.000117731 0.00236977 0.003599 
-0.00314847 0.00173829 0.000470745 0.0037186 -0.00298891 -0.00235947 -0.0028819 0.00223346 -0.00335911 -0.000814744 -0.00154044 -7.7879e-05 0.00138201 0.00286919 0.00164398 -0.00142958 0.000117731 0.00236977 0.003599 
-0.00314847 0.00173829 0.000470745 0.0037186 -0.00298891 -0.00235947 -0.0028819 0.00223346 -0.00335911 -0.000814744 -0.00154044 -7.7879e-05 0.00138201 0.00286919 0.00164398 -0.00142958 0.000117731 0.00236977 0.003599 
-0.00314847 0.00173829 0.000470745 0.0037186 -0.00298891 -0.00235947 -0.0028819 0.00223346 -0.00335911 -0.000814744 -0.00154044 -7.7879e-05 0.00138201 0.00286919 0.00164398 -0.00142958 0.000117731 0.00236977 0.003599 
-0.00314847 0.00173829 0.000470745 0.0037186 -0.00298891 -0.00235947 -0.0028819 0.00223346 -0.00335911 -0.000814744 -0.00154044 -7.7879e-05 0.00138201 0.00286919 0.00164398 -0.00142958 0.000117731 0.00236977 0.003599 
-0.00314847 0.00173829 0.000470745 0.0037186 -0.00298891 -0.00235947 -0.0028819 0.00223346 -0.00335911 -0.000814744 -0.00154044 -7.7879e-05 0.00138201 0.00286919 0.00164398 -0.00142958 0.000117731 0.00236977 0.003599 
-0.00314847 0.00173829 0.000470745 0.0037186 -0.00298891 -0.00235947 -0.0028819 0.00223346 -0.00335911 -0.000814744 -0.00154044 -7.7879e-05 0.00138201 0.00286919 0.00164398 -0.00142958 0.000117731 0.00236977 0.003599 
-0.00314847 0.00173829 0.000470745 0.0037186 -0.00298891 -0.00235947 -0.0028819 0.00223346 -0.00335911 -0.000814744 -0.00154044 -7.7879e-05 0.00138201 0.00286919 0.00164398 -0.00142958 0.000117731 0.00236977 0.003599 
-0.00314847 0.00173829 0.000470745 0.0037186 -0.00298891 -0.00235947 -0.0028819 0.00223346 -0.00335911 -0.000814744 -0.00154044 -7.7879e-05 0.00138201 0.00286919 0.00164398 -0.00142958 0.000117731 0.00236977 0.003599 
-0.00314847 0.00173829 0.000470745 0.0037186 -0.00298891 -0.00235947 -0.0028819 0.00223346 -0.00335911 -0.000814744 -0.00154044 -7.7879e-05 0.00138201 0.00286919 0.00164398 -0.00142958 0.000117731 0.00236977 0.003599 
-0.00314847 0.00173829 0.000470745 0.0037186 -0.00298891 -0.00235947 -0.0028819 0.00223346 -0.00335911 -0.000814744 -0.00154044 -7.7879e-05 0.00138201 0.00286919 0.00164398 -0.00142958 0.000117731 0.00236977 0.003599 
-0.00314847 0.00173829 0.000470745 0.0037186 -0.00298891 -0.00235947 -0.0028819 0.00223346 -0.00335911 -0.000814744 -0.00154044 -7.7879e-05 0.00138201 0.00286919 0.00164398 -0.00142958 0.000117731 0.00236977 0.003599 
-0.00314847 0.00173829 0.000470745 0.0037186 -0.00298891 -0.00235947 -0.0028819 0.00223346 -0.00335911 -0.000814744 -0.00154044 -7.7879e-05 0.00138201 0.00286919 0.00164398 -0.00142958 0.000117731 0.00236977 0.003599 
-0.00314847 0.00173829 0.000470745 0.0037186 -0.00298891 -0.00235947 -0.0028819 0.00223346 -0.00335911 -0.000814744 -0.00154044 -7.7879e-05 0.00138201 0.00286919 0.00164398 -0.00142958 0.000117731 0.00236977 0.003599 
-0.00314847 0.00173829 0.000470745 0.0037186 -0.00298891 -0.00235947 -0.0028819 0.00223346 -0.00335911 -0.000814744 -0.00154044 -7.7879e-05 0.00138201 0.00286919 0.00164398 -0.00142958 0.000117731 0.00236977 0.003599 
-0.00314847 0.00173829 0.000470745 0.0037186 -0.00298891 -0.00235947 -0.0028819 0.00223346 -0.00335911 -0.000814744 -0.00154044 -7.7879e-05 0.00138201 0.00286919 0.00164398 -0.00142958 0.000117731 0.00236977 0.003599 
-0.00314847 0.00173829 0.000470745 0.0037186 -0.00298891 -0.00235947 -0.0028819 0.00223346 -0.00335911 -0.000814744 -0.00154044 -7.7879e-05 0.00138201 0.00286919 0.00164398 -0.00142958 0.000117731 0.00236977 0.003599 
-0.00314847 0.00173829 0.000470745 0.0037186 -0.00298891 -0.00235947 -0.0028819 0.00223346 -0.00335911 -0.000814744 -0.00154044 -7.7879e-05 0.00138201 0.00286919 0.00164398 -0.00142958 0.000117731 0.00236977 0.003599 
-0.00314847 0.00173829 0.000470745 0.0037186 -0.00298891 -0.00235947 -0.0028819 0.00223346 -0.00335911 -0.000814744 -0.00154044 -7.7879e-05 0.00138201 0.00286919 0.00164398 -0.00142958 0.000117731 0.00236977 0.003599 
-0.00314847 0.00173829 0.000470745 0.0037186 -0.00298891 -0.00235947 -0.0028819 0.00223346 -0.00335911 -0.000814744 -0.00154044 -7.7879e-05 0.00138201 0.00286919 0.00164398 -0.00142958 0.000117731 0.00236977 0.003599 
-0.00314847 0.00173829 0.000470745 0.0037186 -0.00298891 -0.00235947 -0.0028819 0.00223346 -0.00335911 -0.000814744 -0.00154044 -7.7879e-05 0.00138201 0.00286919 0.00164398 -0.00142958 0.000117731 0.00236977 0.003599 
-0.00314847 0.00173829 0.000470745 0.0037186 -0.00298891 -0.00235947 -0.0028819 0.00223346 -0.00335911 -0.000814744 -0.00154044 -7.7879e-05 0.00138201 0.00286919 0.00164398 -0.00142958 0.000117731 0.00236977 0.003599 
-0.00314847 0.00173829 0.000470745 0.0037186 -0.00298891 -0.00235947 -0.0028819 0.00223346 -0.00335911 -0.000814744 -0.00154044 -7.7879e-05 0.00138201 0.00286919 0.00164398 -0.00142958 0.000117731 0.00236977 0.003599 
-0.00314847 0.00173829 0.000470745 0.0037186 -0.00298891 -0.00235947 -0.0028819 0.00223346 -0.00335911 -0.000814744 -0.00154044 -7.7879e-05 0.00138201 0.00286919 0.00164398 -0.00142958 0.000117731 0.00236977 0.003599 
-0.00314847 0.00173829 0.000470745 0.0037186 -0.00298891 -0.00235947 -0.0028819 0.00223346 -0.00335911 -0.000814744 -0.00154044 -7.7879e-05 0.00138201 0.00286919 0.00164398 -0.00142958 0.000117731 0.00236977 0.003599 
-0.00314847 0.00173829 0.000470745 0.0037186 -0.00298891 -0.00235947 -0.0028819 0.00223346 -0.00335911 -0.000814744 -0.00154044 -7.7879e-05 0.00138201 0.00286919 0.00164398 -0.00142958 0.000117731 0.00236977 0.003599 
-0.00314847 0.00173829 0.000470745 0.0037186 -0.00298891 -0.00235947 -0.0028819 0.00223346 -0.00335911 -0.000814744 -0.00154044 -7.7879e-05 0.00138201 0.00286919 0.00164398 -0.00142958 0.000117731 0.00236977 0.003599 
-0.00314847 0.00173829 0.000470745 0.0037186 -0.00298891 -0.00235947 -0.0028819 0.00223346 -0.00335911 -0.000814744 -0.00154044 -7.7879e-05 0.00138201 0.00286919 0.00164398 -0.00142958 0.000117731 0.00236977 0.003599 
-0.00314847 0.00173829 0.000470745 0.0037186 -0.00298891 -0.00235947 -0.0028819 0.00223346 -0.00335911 -0.000814744 -0.00154044 -7.7879e-05 0.00138201 0.00286919 0.00164398 -0.00142958 0.000117731 0.00236977 0.003599 
-0.00314847 0.00173829 0.000470745 0.0037186 -0.00298891 -0.00235947 -0.0028819 0.00223346 -0.00335911 -0.000814744 -0.00154044 -7.7879e-05 0.00138201 0.00286919 0.00164398 -0.00142958 0.000117731 0.00236977 0.003599 
-0.00314847 0.00173829 0.000470745 0.0037186 -0.00298891 -0.00235947 -0.0028819 0.00223346 -0.00335911 -0.000814744 -0.00154044 -7.7879e-05 0.00138201 0.00286919 0.00164398 -0.00142958 0.000117731 0.00236977 0.003599 
-0.00314847 0.00173829 0.000470745 0.0037186 -0.00298891 -0.00235947 -0.0028819 0.00223346 -0.00335911 -0.000814744 -0.00154044 -7.7879e-05 0.00138201 0.00286919 0.00164398 -0.00142958 0.000117731 0.00236977 0.003599 
-0.00314847 0.00173829 0.000470745 0.0037186 -0.00298891 -0.00235947 -0.0028819 0.00223346 -0.00335911 -0.000814744 -0.00154044 -7.7879e-05 0.00138201 0.00286919 0.00164398 -0.00142958 0.000117731 0.00236977 0.003599 
-0.00314847 0.00173829 0.000470745 0.0037186 -0.00298891 -0.00235947 -0.0028819 0.00223346 -0.00335911 -0.000814744 -0.00154044 -7.7879e-05 0.00138201 0.00286919 0.00164398 -0.00142958 0.000117731 0.00236977 0.003599 
-0.00314847 0.00173829 0.000470745 0.0037186 -0.00298891 -0.00235947 -0.0028819 0.00223346 -0.00335911 -0.000814744 -0.00154044 -7.7879e-05 0.00138201 0.00286919 0.00164398 -0.00142958 0.000117731 0.00236977 0.003599 
-0.00314847 0.00173829 0.000470745 0.0037186 -0.00298891 -0.00235947 -0.0028819 0.00223346 -0.00335911 -0.000814744 -0.00154044 -7.7879e-05 0.00138201 0.00286919 0.00164398 -0.00142958 0.000117731 0.00236977 0.003599 
-0.00314847 0.00173829 0.000470745 0.0037186 -0.00298891 -0.00235947 -0.0028819 0.00223346 -0.00335911 -0.000814744 -0.00154044 -7.7879e-05 0.00138201 0.00286919 0.00164398 -0.00142958 0.000117731 0.00236977 0.003599 
-0.00314847 0.00173829 0.000470745 0.0037186 -0.00298891 -0.00235947 -0.0028819 0.00223346 -0.00335911 -0.000814744 -0.00154044 -7.7879e-05 0.00138201 0.00286919 0.00164398 -0.00142958 0.000117731 0.00236977 0.003599 
-0.00314847 0.00173829 0.000470745 0.0037186 -0.00298891 -0.00235947 -0.0028819 0.00223346 -0.00335911 -0.000814744 -0.00154044 -7.7879e-05 0.00138201 0.00286919 0.00164398 -0.00142958 0.000117731 0.00236977 0.003599 
-0.00314847 0.00173829 0.000470745 0.0037186 -0.00298891 -0.00235947 -0.0028819 0.00223346 -0.00335911 -0.000814744 -0.00154044 -7.7879e-05 0.00138201 0.00286919 0.00164398 -0.00142958 0.000117731 0.00236977 0.003599 
-0.00314847 0.00173829 0.000470745 0.0037186 -0.00298891 -0.00235947 -0.0028819 0.00223346 -0.00335911 -0.000814744 -0.00154044 -7.7879e-05 0.00138201 0.00286919 0.00164398 -0.00142958 0.000117731 0.00236977 0.003599 
-0.00314847 0.00173829 0.000470745 0.0037186 -0.00298891 -0.00235947 -0.0028819 0.00223346 -0.00335911 -0.000814744 -0.00154044 -7.7879e-05 0.00138201 0.00286919 0.00164398 -0.00142958 0.000117731 0.00236977 0.003599 
-0.00314847 0.00173829 0.000470745 0.0037186 -0.00298891 -0.00235947 -0.0028819 0.00223346 -0.00335911 -0.000814744 -0.00154044 -7.7879e-05 0.00138201 0.00286919 0.00164398 -0.00142958 0.000117731 0.00236977 0.003599 
-0.00314847 0.00173829 0.000470745 0.0037186 -0.00298891 -0.00235947 -0.0028819 0.00223346 -0.00335911 -0.000814744 -0.00154044 -7.7879e-05 0.00138201 0.00286919 0.00164398 -0.00142958 0.000117731 0.00236977 0.003599 
-0.00314847 0.00173829 0.000470745 0.0037186 -0.00298891 -0.00235947 -0.0028819 0.00223346 -0.00335911 -0.000814744 -0.00154044 -7.7879e-05 0.00138201 0.00286919 0.00164398 -0.00142958 0.000117731 0.00236977 0.003599 
-0.00314847 0.00173829 0.000470745 0.0037186 -0.00298891 -0.00235947 -0.0028819 0.00223346 -0.00335911 -0.000814744 -0.00154044 -7.7879e-05 0.00138201 0.00286919 0.00164398 -0.00142958 0.000117731 0.00236977 0.003599 
-0.00314847 0.00173829 0.000470745 0.0037186 -0.00298891 -0.00235947 -0.0028819 0.00223346 -0.00335911 -0.000814744 -0.00154044 -7.7879e-05 0.00138201 0.00286919 0.00164398 -0.00142958 0.000117731 0.00236977 0.003599 
-0.00314847 0.00173829 0.000470745 0.0037186 -0.00298891 -0.00235947 -0.0028819 0.00223346 -0.00335911 -0.000814744 -0.00154044 -7.7879e-05 0.00138201 0.00286919 0.00164398 -0.00142958 0.000117731 0.00236977 0.003599 
-0.00314847 0.00173829 0.000470745 0.0037186 -0.00298891 -0.00235947 -0.0028819 0.00223346 -0.00335911 -0.000814744 -0.00154044 -7.7879e-05 0.00138201 0.00286919 0.00164398 -0.00142958 0.000117731 0.00236977 0.003599 
-0.00314847 0.00173829 0.000470745 0.0037186 -0.00298891 -0.00235947 -0.0028819 0.00223346 -0.00335911 -0.000814744 -0.00154044 -7.7879e-05 0.00138201 0.00286919 0.00164398 -0.00142958 0.000117731 0.00236977 0.003599 
-0.00314847 0.00173829 0.000470745 0.0037186 -0.00298891 -0.00235947 -0.0028819 0.00223346 -0.00335911 -0.000814744 -0.00154044 -7.7879e-05 0.00138201 0.00286919 0.00164398 -0.00142958 0.000117731 0.00236977 0.003599 
-0.00314847 0.00173829 0.000470745 0.0037186 -0.00298891 -0.00235947 -0.0028819 0.00223346 -0.00335911 -0.000814744 -0.00154044 -7.7879e-05 0.00138201 0.00286919 0.00164398 -0.00142958 0.000117731 0.00236977 0.003599 
-0.00314847 0.00173829 0.000470745 0.0037186 -0.00298891 -0.00235947 -0.0028819 0.00223346 -0.00335911 -0.000814744 -0.00154044 -7.7879e-05 0.00138201 0.00286919 0.00164398 -0.00142958 0.000117731 0.00236977 0.003599 
-0.00314847 0.00173829 0.000470745 0.0037186 -0.00298891 -0.00235947 -0.0028819 0.00223346 -0.00335911 -0.000814744 -0.00154044 -7.7879e-05 0.00138201 0.00286919 0.00164398 -0.00142958 0.000117731 0.00236977 0.003599 
-0.00314847 0.00173829 0.000470745 0.0037186 -0.00298891 -0.00235947 -0.0028819 0.00223346 -0.00335911 -0.000814744 -0.00154044 -7.7879e-05 0.00138201 0.00286919 0.00164398 -0.00142958 0.000117731 0.00236977 0.003599 
