p   muA phi   betawT betav1 betav2 betavT betavwU betavwT VvAIDS Vv   VvTAlpha VwU VwTAlpha VwvUAlpha VwvTAlpha SIGMAw SIGMAv SIGMAvw     
0.00879166 0.952377 0.0545729 0.0135893 0.038586 0.0360096 0.00486245 -0.0016443 -0.00532285 -0.00986737 -0.0512174 -0.0287153 0.999628 0.00191953 0.0255805 -0.0034194 0.0603931 -0.00484841 0.0108739 
-0.163757 0.940642 -0.273803 0.0150569 0.00900818 0.0293067 -0.0268586 0.00136635 0.0094383 0.0868416 -0.0536629 -0.019734 0.999667 0.220255 0.28226 0.0197161 -0.445986 0.000967533 0.0066556 
-0.450481 0.805329 -0.689509 0.0098318 -0.0153548 -0.0197577 -0.0615965 0.00881082 0.0314782 0.274497 -0.0594103 -0.0090792 0.999525 0.561538 0.661583 0.0845189 -0.852154 0.00979112 0.00714413 
-0.506135 0.154815 -0.755255 0.0140388 -0.0272667 -0.0182847 -0.0541203 0.0422866 0.0305975 0.339924 -0.0529694 0.0185045 0.998707 0.646499 0.727977 0.0824108 -0.893615 0.0328913 0.0186198 
-0.492651 -0.308763 -0.754643 0.0239105 -0.0243144 -0.0378093 -0.0477589 0.0344488 0.0220706 0.333306 -0.022726 0.0444735 0.996532 0.646217 0.718485 0.0634496 -0.891074 0.0330276 -0.000394605 
-0.474099 -0.427601 -0.74461 0.0180262 -0.0225874 -0.0428043 -0.0451882 0.0401916 0.0179171 0.323727 -0.0253434 0.0670354 0.992142 0.635508 0.695489 0.0555676 -0.882187 0.0385664 0.00177413 
-0.467366 -0.456641 -0.745314 0.0224682 -0.0263015 -0.0400783 -0.0420792 0.0383152 0.00547067 0.322482 -0.0214244 0.0802707 0.985052 0.631972 0.687588 0.0517753 -0.876803 0.039444 -0.00801731 
-0.467628 -0.46274 -0.747939 0.028975 -0.0348129 -0.0423099 -0.0342185 0.0456942 0.0111263 0.330038 -0.0185703 0.0880606 0.974257 0.626319 0.680752 0.0546582 -0.873609 0.046199 -0.0143496 
-0.473777 -0.452043 -0.756412 0.0367825 -0.0381271 -0.0386291 -0.0210344 0.0552308 0.00926284 0.343594 -0.0100343 0.0973992 0.95864 0.631897 0.683869 0.0640737 -0.872976 0.0438828 -0.0245254 
-0.4894 -0.446637 -0.769639 0.0443031 -0.0447812 -0.0291184 -0.0100256 0.0644102 0.00234024 0.362408 -0.0122391 0.102493 0.93885 0.644183 0.694215 0.0699884 -0.876297 0.0406844 -0.0344379 
-0.501765 -0.437139 -0.782699 0.04944 -0.0473097 -0.0217625 -0.0112488 0.0767359 -0.00041739 0.378374 -0.017148 0.102149 0.913428 0.658049 0.703573 0.0759706 -0.87949 0.0391211 -0.0443504 
-0.517654 -0.423625 -0.796099 0.0602594 -0.0436513 -0.0179476 -0.0069309 0.0844334 -0.00241018 0.396168 -0.0217721 0.0999654 0.882409 0.671478 0.714056 0.0850682 -0.883152 0.0329699 -0.0465945 
-0.530705 -0.409171 -0.808567 0.072171 -0.039898 -0.0189191 -0.00767719 0.0893327 -0.00265236 0.416003 -0.0235468 0.0958895 0.843644 0.683707 0.725733 0.0934226 -0.886241 0.0247227 -0.0526832 
-0.543581 -0.392257 -0.819004 0.083179 -0.0375507 -0.018729 -0.0103657 0.0988464 -0.00243327 0.43396 -0.0338496 0.0925919 0.794176 0.692774 0.734555 0.0982414 -0.888377 0.0149822 -0.0595034 
-0.555009 -0.375149 -0.828787 0.0975889 -0.037705 -0.0150716 -0.0119982 0.111375 -0.00287983 0.453313 -0.042076 0.0890146 0.735086 0.702516 0.74405 0.104578 -0.890677 0.00230516 -0.0664912 
-0.566204 -0.357647 -0.837489 0.112903 -0.0387116 -0.011076 -0.0100346 0.121477 -0.000786828 0.472515 -0.0487424 0.0825655 0.663775 0.711107 0.752773 0.113654 -0.892449 -0.00758999 -0.0722545 
-0.575098 -0.339309 -0.844568 0.133346 -0.0411388 -0.00887069 -0.0102346 0.129489 -0.000505276 0.488805 -0.0543626 0.0799629 0.581686 0.717616 0.759103 0.119155 -0.89286 -0.0154949 -0.0782851 
-0.581686 -0.321312 -0.851001 0.150362 -0.0414852 -0.00736245 -0.0111019 0.137604 0.000630105 0.50282 -0.0561567 0.0771729 0.49205 0.72127 0.762719 0.125795 -0.891872 -0.0230089 -0.0834915 
-0.587926 -0.304261 -0.857301 0.16974 -0.0432321 -0.00307531 -0.0113677 0.146443 0.00209902 0.51882 -0.0602243 0.0772253 0.394282 0.724567 0.766058 0.130114 -0.891237 -0.0283689 -0.0900053 
-0.592689 -0.2892 -0.863186 0.185703 -0.0424626 -0.000223683 -0.00834555 0.156838 0.00481787 0.532619 -0.0627578 0.07555 0.293979 0.726822 0.768485 0.133609 -0.890211 -0.0350871 -0.0924999 
-0.595904 -0.275311 -0.86808 0.201557 -0.041849 0.00114583 -0.00797463 0.165816 0.00638827 0.545041 -0.0647796 0.0776474 0.195787 0.728541 0.768501 0.140902 -0.887997 -0.0412999 -0.0980585 
-0.596916 -0.261625 -0.871867 0.21699 -0.0416908 0.00306273 -0.00776256 0.176903 0.00949875 0.556821 -0.0677434 0.0793779 0.0996179 0.729159 0.767866 0.147371 -0.885398 -0.0484879 -0.105218 
-0.597965 -0.248337 -0.875607 0.232054 -0.042416 0.00408651 -0.00843031 0.187014 0.01011 0.568942 -0.0682297 0.0849128 0.0100261 0.729552 0.767009 0.153907 -0.882218 -0.0537337 -0.110098 
-0.598881 -0.237272 -0.879386 0.249574 -0.0420721 0.00587986 -0.00768339 0.196252 0.0128534 0.582108 -0.071581 0.0872343 -0.0750377 0.72948 0.76621 0.160116 -0.879045 -0.0598249 -0.11517 
-0.598888 -0.225728 -0.882132 0.264984 -0.0421958 0.0100243 -0.00675788 0.207308 0.0153619 0.592531 -0.0734436 0.0909979 -0.150869 0.728505 0.763923 0.166113 -0.875231 -0.0666047 -0.120439 
-0.599441 -0.216216 -0.884758 0.279758 -0.0396354 0.0107944 -0.00341427 0.219938 0.0190313 0.603799 -0.0730148 0.0974402 -0.217901 0.727205 0.760811 0.17211 -0.871272 -0.0738184 -0.123991 
-0.59843 -0.208243 -0.887446 0.294426 -0.0386512 0.0128024 -0.00171672 0.232102 0.0228219 0.614319 -0.0745256 0.104521 -0.276078 0.725848 0.757429 0.177784 -0.867093 -0.0808119 -0.128231 
-0.597276 -0.199361 -0.889553 0.308857 -0.038114 0.014076 -0.00226733 0.243672 0.0254362 0.624616 -0.0751632 0.109795 -0.327655 0.72355 0.752829 0.185724 -0.862392 -0.0868723 -0.133023 
-0.59719 -0.192714 -0.89161 0.322663 -0.0380578 0.0145373 -0.00328911 0.255288 0.0262188 0.634597 -0.0760593 0.115865 -0.374149 0.720895 0.746769 0.191832 -0.85728 -0.0932213 -0.138668 
-0.595429 -0.185089 -0.893388 0.337133 -0.0387281 0.0172553 -0.00514293 0.267743 0.0290663 0.64339 -0.0781135 0.125537 -0.415325 0.717389 0.74076 0.197813 -0.851266 -0.0994524 -0.14269 
-0.593521 -0.179415 -0.89511 0.350683 -0.0374114 0.0195448 -0.0067889 0.278873 0.0318183 0.652728 -0.0783691 0.133921 -0.450986 0.71496 0.735167 0.202996 -0.844792 -0.107609 -0.144995 
-0.591167 -0.172856 -0.896816 0.36496 -0.0344262 0.0199496 -0.00783307 0.291141 0.035505 0.662954 -0.0774373 0.141903 -0.485302 0.711744 0.728725 0.208326 -0.838536 -0.115057 -0.146227 
-0.587822 -0.167114 -0.897945 0.378107 -0.0339115 0.0214226 -0.00845696 0.303251 0.0389891 0.671306 -0.0757976 0.149011 -0.512745 0.709118 0.721331 0.213363 -0.831709 -0.121884 -0.149184 
-0.584335 -0.161343 -0.898936 0.391245 -0.0336064 0.024028 -0.00853522 0.314042 0.0411357 0.679232 -0.0761154 0.156576 -0.537547 0.704878 0.71232 0.219267 -0.824327 -0.128097 -0.151147 
-0.581222 -0.155534 -0.899882 0.404013 -0.0310639 0.0256971 -0.00554028 0.325671 0.0452599 0.686905 -0.0751579 0.164135 -0.559946 0.700702 0.703625 0.223498 -0.816663 -0.134669 -0.154813 
-0.578049 -0.149261 -0.900768 0.415931 -0.0302182 0.0260158 -0.00548356 0.336993 0.0492019 0.695082 -0.074517 0.171635 -0.58096 0.696548 0.694838 0.228136 -0.808502 -0.140393 -0.155344 
-0.574831 -0.144766 -0.901533 0.42724 -0.0296843 0.0263324 -0.00519274 0.347881 0.0536887 0.702299 -0.0754332 0.180432 -0.598108 0.691496 0.684672 0.232867 -0.79992 -0.147358 -0.157101 
-0.570411 -0.140611 -0.90242 0.438524 -0.0294847 0.0276226 -0.00649394 0.357723 0.0585892 0.710355 -0.0733468 0.188497 -0.61455 0.686581 0.673691 0.239 -0.790975 -0.152994 -0.159645 
-0.565064 -0.13546 -0.902869 0.448661 -0.0293173 0.0298775 -0.00649787 0.367674 0.0599444 0.71706 -0.0707111 0.199199 -0.628462 0.680985 0.661625 0.242241 -0.780569 -0.160582 -0.161215 
-0.558976 -0.131726 -0.903123 0.457899 -0.0279239 0.0317544 -0.00585029 0.379005 0.0636206 0.723502 -0.0678601 0.208584 -0.641085 0.674723 0.649354 0.245395 -0.770356 -0.167267 -0.162432 
-0.552865 -0.12703 -0.903146 0.466493 -0.0269281 0.0311123 -0.00471096 0.388089 0.0654477 0.730014 -0.0663653 0.219018 -0.652783 0.66808 0.635582 0.24708 -0.758986 -0.173671 -0.165128 
-0.546449 -0.124265 -0.903065 0.474648 -0.0248022 0.0326416 -0.005366 0.396362 0.0680908 0.736096 -0.0647871 0.229588 -0.663043 0.661575 0.62104 0.251047 -0.747095 -0.180512 -0.167119 
-0.540183 -0.1194 -0.903277 0.483863 -0.0239009 0.0334101 -0.00564335 0.405801 0.0719126 0.742394 -0.0627155 0.241005 -0.672998 0.654459 0.606717 0.254367 -0.734825 -0.187693 -0.167842 
-0.533412 -0.11741 -0.903268 0.493444 -0.0224134 0.033023 -0.00554481 0.414559 0.0760293 0.748243 -0.0606492 0.252206 -0.682912 0.647363 0.590869 0.259616 -0.722333 -0.196406 -0.170705 
-0.526703 -0.114538 -0.902972 0.500098 -0.0215533 0.0348927 -0.0057545 0.422139 0.0783463 0.753028 -0.0579862 0.262835 -0.690885 0.640392 0.573365 0.26392 -0.708967 -0.202284 -0.171339 
-0.519359 -0.109335 -0.902695 0.507807 -0.0218371 0.0343993 -0.00598442 0.428928 0.0820124 0.758196 -0.0553307 0.274467 -0.698508 0.632296 0.555688 0.266498 -0.695291 -0.209657 -0.171793 
-0.512636 -0.104274 -0.902501 0.514686 -0.0204363 0.0341887 -0.00659739 0.43576 0.085728 0.763379 -0.0520052 0.284722 -0.70588 0.624295 0.538639 0.267694 -0.681798 -0.21732 -0.173653 
-0.502868 -0.100353 -0.901459 0.52046 -0.0185698 0.0342382 -0.00552173 0.441712 0.0886861 0.767088 -0.0467114 0.295455 -0.710578 0.613767 0.518329 0.268431 -0.665609 -0.222802 -0.172 
-0.494143 -0.097764 -0.900396 0.526196 -0.0167552 0.0351859 -0.004973 0.447018 0.0893817 0.77088 -0.0428385 0.305579 -0.715909 0.604233 0.497533 0.268778 -0.650194 -0.229171 -0.171684 
-0.481296 -0.0950004 -0.898204 0.529547 -0.0139891 0.0354419 -0.00509705 0.449843 0.0917797 0.773255 -0.0383384 0.313212 -0.718212 0.590838 0.474108 0.268987 -0.631579 -0.234703 -0.170139 
-0.462874 -0.0889149 -0.892678 0.524832 -0.0115933 0.0348571 -0.00391805 0.445805 0.0928149 0.769103 -0.0335185 0.315433 -0.713093 0.570642 0.445158 0.263654 -0.605025 -0.234251 -0.166083 
-0.449608 -0.085834 -0.890223 0.527577 -0.00984823 0.0351209 -0.00277886 0.449849 0.0953944 0.771317 -0.0294606 0.323523 -0.715744 0.558365 0.419623 0.263886 -0.58548 -0.240624 -0.163992 
-0.427 -0.0797573 -0.881925 0.517792 -0.00865278 0.0332077 -0.00177907 0.440614 0.0958488 0.763072 -0.0243673 0.32186 -0.706112 0.533076 0.384498 0.253845 -0.554036 -0.237351 -0.156947 
-0.409345 -0.075675 -0.875978 0.51303 -0.00517166 0.0324999 -0.00341536 0.436228 0.0976569 0.759506 -0.0199714 0.323838 -0.701365 0.513667 0.356235 0.249616 -0.527474 -0.238086 -0.152813 
-0.386131 -0.0696561 -0.866847 0.503208 -0.0042058 0.0327387 -0.0013346 0.428034 0.0974285 0.751373 -0.016584 0.32197 -0.691528 0.488992 0.323559 0.24068 -0.496812 -0.235331 -0.146842 
-0.350763 -0.0623243 -0.846863 0.476146 -0.000866289 0.0304858 0.000882035 0.404734 0.0922165 0.72747 -0.0132558 0.306107 -0.664653 0.447393 0.28063 0.221138 -0.450113 -0.223425 -0.133936 
-0.325489 -0.057869 -0.831767 0.459531 -0.000709346 0.0281419 0.00238161 0.391522 0.0875938 0.712607 -0.00934671 0.298529 -0.648026 0.417392 0.248414 0.208258 -0.415223 -0.215327 -0.126328 
-0.292896 -0.0517073 -0.807161 0.433235 0.00263704 0.0250278 0.00154303 0.36944 0.0820656 0.686635 -0.00636874 0.283412 -0.619814 0.379502 0.212419 0.192012 -0.371956 -0.204167 -0.115298 
-0.250993 -0.0440436 -0.7657 0.391072 0.00601255 0.0205672 0.000864264 0.333087 0.0749808 0.641217 -0.00392923 0.255056 -0.570975 0.328111 0.172025 0.167349 -0.317029 -0.184745 -0.101169 
-0.222246 -0.040045 -0.73384 0.365259 0.00855949 0.0169008 0.00109406 0.311151 0.0717573 0.611047 -0.00129161 0.239297 -0.538604 0.293057 0.142609 0.151285 -0.280271 -0.173606 -0.09246 
-0.195606 -0.0372864 -0.699095 0.340346 0.00921495 0.0138138 0.000972883 0.290577 0.0675041 0.579616 0.000490147 0.223724 -0.506482 0.259531 0.118232 0.136887 -0.246426 -0.162618 -0.0841139 
-0.16961 -0.0333764 -0.659424 0.312842 0.00925814 0.0101592 0.000415031 0.268807 0.0623725 0.543824 0.00307471 0.207947 -0.469832 0.22614 0.0947607 0.121311 -0.214077 -0.150993 -0.0757559 
-0.149844 -0.0314097 -0.627097 0.295045 0.0101759 0.00716615 0.000255371 0.253253 0.0584512 0.516358 0.00595172 0.197677 -0.443877 0.201637 0.0774403 0.11091 -0.188392 -0.141893 -0.0694228 
-0.132366 -0.028264 -0.593211 0.275622 0.0112811 0.00560812 -0.000128977 0.238564 0.0539383 0.488737 0.00768736 0.185944 -0.416667 0.179685 0.0622257 0.0997551 -0.165883 -0.133119 -0.0638226 
-0.118297 -0.0264875 -0.563752 0.260055 0.0117804 0.00407819 -0.000218554 0.227066 0.0502857 0.465824 0.00930166 0.176593 -0.393975 0.161922 0.0497383 0.091115 -0.14763 -0.126675 -0.0595192 
-0.103515 -0.0238899 -0.528567 0.241533 0.0118707 0.00288483 -0.000514628 0.212952 0.0468777 0.437445 0.0105207 0.165419 -0.367051 0.143951 0.037527 0.0823002 -0.129955 -0.118443 -0.0547793 
-0.0896613 -0.0207127 -0.492767 0.224495 0.0116638 0.002326 -4.93568e-05 0.199205 0.0437642 0.40956 0.0109782 0.155317 -0.341337 0.127419 0.0278452 0.0739741 -0.113934 -0.110865 -0.0496811 
-0.0786045 -0.0181131 -0.460058 0.209892 0.0114178 0.0017084 -3.00947e-05 0.18731 0.0417381 0.385131 0.0122252 0.146892 -0.318281 0.113236 0.0195362 0.0672813 -0.100407 -0.102542 -0.0449065 
-0.0664692 -0.015785 -0.42208 0.191545 0.0111496 0.00139401 0.000874268 0.173053 0.0395198 0.354331 0.01312 0.135825 -0.290223 0.0984451 0.0125167 0.0600337 -0.085878 -0.0918289 -0.0398813 
-0.0570888 -0.0131707 -0.387648 0.175244 0.0101835 0.00138042 0.000794333 0.161013 0.0374993 0.326911 0.0138473 0.12585 -0.266028 0.086134 0.00743448 0.0532479 -0.0735124 -0.0829198 -0.0365645 
-0.0508351 -0.0118133 -0.364334 0.165259 0.00939672 0.00134997 0.000829673 0.153372 0.0364798 0.310244 0.014931 0.121283 -0.251404 0.0784192 0.00269717 0.0485462 -0.0649601 -0.0775922 -0.0343716 
-0.0437925 -0.011147 -0.336372 0.152731 0.00851336 0.0014867 0.00125151 0.143608 0.0347772 0.288957 0.0160073 0.115014 -0.233218 0.0695265 -0.00143271 0.0436457 -0.0563339 -0.0707777 -0.0318374 
-0.0379458 -0.0105312 -0.310053 0.141173 0.00796133 0.0012084 0.0015101 0.134566 0.0329731 0.268887 0.0169546 0.108362 -0.216244 0.0625617 -0.00428683 0.0391109 -0.0491409 -0.0647172 -0.0293672 
-0.0333584 -0.00990028 -0.289493 0.132266 0.00834929 0.00101086 0.00183519 0.127916 0.0310324 0.253893 0.0175901 0.103367 -0.203031 0.0572881 -0.00690834 0.0354862 -0.0434929 -0.0599067 -0.0278274 
-0.0288166 -0.00924806 -0.268844 0.123452 0.00818522 0.000764656 0.00214964 0.121193 0.0290469 0.238886 0.0179399 0.0982274 -0.189856 0.0522292 -0.00910505 0.0319499 -0.0384094 -0.0555279 -0.0265408 
-0.0241542 -0.00889116 -0.243687 0.112093 0.00803355 0.000587073 0.00252425 0.112162 0.0272807 0.218591 0.017772 0.090829 -0.17172 0.0469097 -0.0106713 0.0273323 -0.0339199 -0.0504809 -0.0250519 
-0.0207195 -0.00843919 -0.224422 0.103822 0.00787926 0.00108739 0.00305047 0.105459 0.0259265 0.203324 0.017637 0.0856414 -0.157831 0.0427228 -0.0119669 0.0238568 -0.0302643 -0.0458413 -0.023641 
-0.0175619 -0.00793635 -0.205118 0.0949126 0.00756104 0.00119814 0.00337225 0.0984374 0.0240516 0.187085 0.0171562 0.079779 -0.143591 0.0386158 -0.0126854 0.0208311 -0.0271106 -0.0412468 -0.0218084 
-0.0151179 -0.00767369 -0.192704 0.0892613 0.00760488 0.001666 0.00354477 0.0939091 0.0230523 0.177315 0.017381 0.0765104 -0.134738 0.0356763 -0.0136381 0.0191527 -0.0251473 -0.038941 -0.0202857 
-0.0129653 -0.00756177 -0.176553 0.0821588 0.00744612 0.00201372 0.00381683 0.0876574 0.0217098 0.163521 0.0170086 0.0716205 -0.123058 0.0322515 -0.0137672 0.017009 -0.022662 -0.0361242 -0.0185261 
