    muA     betawT                   VwU VwTAlpha     Fw Fv Fvw     
0.951617 0.0120383 0.999933 -0.00757751 -0.0164069 0.0304352 0.00333695 
0.225984 0.0148009 0.998155 0.442885 -0.878179 0.00889774 -0.0102635 
-0.114472 0.0377358 0.983395 0.47054 -0.88522 0.0169497 -0.015522 
-0.17601 0.0605293 0.953038 0.518952 -0.905981 0.0274865 -0.0253231 
-0.204868 0.102911 0.924558 0.597419 -0.92956 0.036996 -0.0291006 
-0.232781 0.156675 0.908512 0.672246 -0.948403 0.0455136 -0.0317854 
-0.252192 0.222526 0.899448 0.735701 -0.960523 0.0436182 -0.0298683 
-0.2625 0.305693 0.894527 0.788538 -0.968624 0.0440247 -0.0323181 
-0.266304 0.399589 0.891876 0.828935 -0.974121 0.0438443 -0.0329267 
-0.267854 0.495498 0.889658 0.858754 -0.977908 0.0447565 -0.0356831 
-0.261246 0.58192 0.887771 0.87981 -0.980394 0.0399617 -0.0303548 
-0.24918 0.657607 0.885059 0.894317 -0.981912 0.0400284 -0.0288404 
-0.233767 0.716184 0.879828 0.903087 -0.982486 0.0352791 -0.0258575 
-0.216467 0.761238 0.872298 0.907556 -0.982361 0.0313941 -0.0258133 
-0.198489 0.794884 0.863146 0.909351 -0.981743 0.030304 -0.0264752 
-0.183765 0.821043 0.853113 0.909226 -0.980829 0.0280661 -0.0292197 
-0.165895 0.841225 0.84152 0.906996 -0.979409 0.0258703 -0.0317406 
-0.151105 0.857496 0.828743 0.903688 -0.977686 0.0250619 -0.0291459 
-0.135353 0.870542 0.81549 0.899369 -0.975822 0.023315 -0.0325348 
-0.127099 0.881181 0.801504 0.893877 -0.97362 0.0211679 -0.0301472 
-0.118794 0.890627 0.788408 0.888382 -0.971479 0.0194821 -0.0352749 
-0.110849 0.898721 0.777579 0.882802 -0.969293 0.0188149 -0.0365552 
-0.104662 0.90604 0.765445 0.876678 -0.966941 0.0190591 -0.0407897 
-0.0983434 0.913 0.754571 0.869982 -0.964692 0.0191866 -0.0405063 
-0.0938144 0.919232 0.743891 0.863169 -0.962386 0.0189609 -0.0390683 
-0.0890464 0.925101 0.735203 0.856806 -0.960296 0.0203945 -0.0391884 
-0.0844702 0.930079 0.725372 0.849498 -0.958065 0.019293 -0.037721 
-0.0817542 0.93475 0.716996 0.84168 -0.956021 0.0207027 -0.0369928 
-0.0776788 0.939184 0.70917 0.834445 -0.954194 0.0190925 -0.039494 
-0.074998 0.943162 0.70188 0.826715 -0.9525 0.0202868 -0.0375514 
-0.0725145 0.946811 0.69388 0.817917 -0.950804 0.0174141 -0.0366829 
-0.0701023 0.950399 0.687496 0.810159 -0.949358 0.0160857 -0.0379747 
-0.0669453 0.953606 0.681296 0.801538 -0.948026 0.0166692 -0.036827 
-0.0682181 0.956683 0.67631 0.792248 -0.946923 0.0142004 -0.0370057 
-0.0669381 0.959483 0.670469 0.782497 -0.945958 0.0132308 -0.0398706 
-0.0677897 0.962099 0.665969 0.772857 -0.945128 0.0102256 -0.0388697 
-0.0678153 0.96437 0.661998 0.763033 -0.944348 0.00690736 -0.0398652 
-0.0678138 0.966401 0.656659 0.751112 -0.94334 0.00598516 -0.0394608 
-0.0696542 0.968331 0.652697 0.738814 -0.942586 0.00416967 -0.0366456 
-0.0690296 0.970187 0.649137 0.726391 -0.942144 0.00409632 -0.0347228 
-0.0672014 0.971983 0.644487 0.713045 -0.941778 0.00325548 -0.0342161 
-0.0673648 0.973423 0.638572 0.698206 -0.941268 0.00439519 -0.0334574 
-0.0667238 0.974752 0.633839 0.682403 -0.940903 0.00459158 -0.0328307 
-0.0651191 0.976114 0.62907 0.66643 -0.940677 0.00336071 -0.0307927 
-0.065299 0.977259 0.624171 0.648824 -0.940308 0.00359613 -0.0300202 
-0.0677271 0.97841 0.619971 0.627772 -0.940051 0.00428865 -0.0281981 
-0.0686999 0.97941 0.61525 0.606958 -0.939684 0.00434284 -0.0277117 
-0.0696525 0.980324 0.610706 0.58527 -0.939453 0.00338962 -0.0288347 
-0.0691539 0.981196 0.607173 0.561946 -0.939257 0.00378429 -0.0276621 
-0.0703426 0.982028 0.603035 0.536518 -0.939152 0.00452601 -0.0275524 
-0.0706596 0.982772 0.599102 0.509433 -0.938895 0.00165032 -0.0262888 
-0.0709165 0.983492 0.594405 0.481243 -0.938842 0.00214818 -0.0250843 
-0.0697407 0.984227 0.589793 0.452544 -0.938928 0.00205416 -0.0232659 
-0.0704871 0.984914 0.584983 0.420701 -0.939112 0.000343929 -0.0237025 
-0.0714928 0.985433 0.579031 0.384583 -0.938915 0.000165268 -0.0254503 
-0.07204 0.986004 0.575535 0.350976 -0.939019 -0.000950785 -0.0235999 
-0.0712972 0.986424 0.569789 0.313928 -0.93892 -0.000193884 -0.0253691 
-0.0715016 0.986879 0.563702 0.274116 -0.938911 -0.00274564 -0.0233286 
-0.0703471 0.98728 0.558301 0.23524 -0.93867 -0.00293402 -0.0237674 
-0.0687788 0.987663 0.552104 0.193161 -0.938513 -3.31287e-05 -0.0223916 
-0.0687691 0.987987 0.545091 0.153157 -0.938254 -0.000559083 -0.0235218 
-0.0674159 0.988342 0.539333 0.109257 -0.93814 0.00130614 -0.0244389 
-0.0683784 0.988688 0.533172 0.0671866 -0.938052 0.00235124 -0.0253679 
-0.0667728 0.988935 0.527728 0.0254534 -0.937734 0.00293752 -0.0245661 
-0.0654539 0.989241 0.521713 -0.0162121 -0.937781 0.00363986 -0.0241507 
-0.0639248 0.989452 0.514408 -0.0594687 -0.937395 0.000261485 -0.0231548 
-0.0637533 0.989709 0.508756 -0.0974775 -0.937334 -0.00228487 -0.0237974 
-0.0630221 0.989958 0.501012 -0.138671 -0.937202 -0.00229179 -0.0254965 
-0.0619186 0.990181 0.493796 -0.179995 -0.937057 -0.00311921 -0.0255288 
-0.0619913 0.990399 0.486443 -0.221148 -0.936851 -0.0032509 -0.0301552 
-0.0609459 0.990587 0.47772 -0.260134 -0.936669 -0.00332784 -0.029399 
-0.0614115 0.990761 0.469592 -0.296332 -0.936309 -0.00490318 -0.0270684 
-0.0623592 0.990921 0.462687 -0.330388 -0.935982 -0.00644801 -0.0265338 
-0.0627631 0.991119 0.456439 -0.363168 -0.935925 -0.0090089 -0.0255988 
-0.064635 0.991279 0.448428 -0.394311 -0.935633 -0.00969527 -0.0263212 
-0.0658803 0.991419 0.440936 -0.423764 -0.935315 -0.00972706 -0.0253998 
-0.065689 0.991533 0.43259 -0.451113 -0.934926 -0.00918109 -0.0259441 
-0.0660722 0.991669 0.425965 -0.476663 -0.934558 -0.00779855 -0.0238258 
-0.0653538 0.991775 0.41614 -0.501758 -0.934001 -0.0103854 -0.0220037 
-0.0658736 0.991878 0.407219 -0.523941 -0.9335 -0.0103387 -0.0201201 
    muA     betawT                   VwU VwTAlpha     Fw         
0.940687 0.0450535 0.999918 0.0155727 0.0427207 
0.1012 0.055195 0.999038 0.711397 -0.922426 
-0.345102 0.0931535 0.990686 0.738449 -0.921329 
-0.386991 0.136153 0.971148 0.77441 -0.926052 
-0.418468 0.215058 0.949737 0.827981 -0.940323 
-0.437017 0.305996 0.932299 0.870957 -0.951951 
-0.44207 0.40526 0.917862 0.900779 -0.959105 
-0.431263 0.51481 0.906366 0.920695 -0.962839 
-0.413656 0.613973 0.897012 0.93439 -0.964446 
-0.38266 0.693897 0.888624 0.94272 -0.963969 
-0.349338 0.754462 0.882002 0.947929 -0.962194 
-0.312084 0.800954 0.875237 0.951154 -0.959224 
-0.276353 0.83653 0.870221 0.953369 -0.955628 
-0.244122 0.864253 0.865825 0.954569 -0.951252 
-0.215277 0.885507 0.861914 0.955081 -0.946118 
-0.192812 0.902855 0.859051 0.955196 -0.940595 
-0.170721 0.916033 0.856553 0.954847 -0.934447 
-0.151047 0.926988 0.853754 0.953966 -0.927649 
-0.136843 0.935803 0.85083 0.952658 -0.920546 
-0.124154 0.943235 0.848925 0.951356 -0.913642 
-0.114168 0.949403 0.845821 0.949576 -0.906325 
-0.105346 0.954781 0.843224 0.947404 -0.899184 
-0.0973962 0.9593 0.839974 0.944995 -0.892538 
-0.0913827 0.963459 0.837938 0.942981 -0.886549 
-0.0889222 0.967186 0.836471 0.941014 -0.881598 
-0.0850475 0.970336 0.835589 0.938495 -0.876803 
-0.0850868 0.973142 0.834294 0.936041 -0.873057 
-0.0771554 0.975702 0.832922 0.933441 -0.869399 
-0.0738695 0.977987 0.831826 0.930884 -0.866877 
-0.0728453 0.980096 0.831999 0.928206 -0.865147 
-0.069506 0.98185 0.830961 0.925426 -0.863725 
-0.0680904 0.983385 0.830063 0.922264 -0.862553 
-0.0645723 0.984808 0.829966 0.91898 -0.861899 
-0.0618556 0.986053 0.829172 0.91509 -0.862188 
-0.0618893 0.987218 0.829321 0.911556 -0.862651 
-0.0572409 0.988179 0.828968 0.907061 -0.863129 
-0.0515548 0.989062 0.828304 0.902542 -0.864186 
-0.0478859 0.989844 0.828323 0.897145 -0.865335 
-0.0459648 0.990528 0.827163 0.89097 -0.86607 
-0.0418648 0.9911 0.826047 0.883717 -0.86634 
-0.038231 0.991635 0.82466 0.875326 -0.867393 
-0.0351307 0.992151 0.823225 0.867064 -0.869011 
-0.0340216 0.992556 0.821116 0.85679 -0.869467 
-0.0303204 0.992895 0.818268 0.844573 -0.869265 
-0.0295444 0.99326 0.81576 0.831077 -0.870014 
-0.0273077 0.993539 0.812219 0.815932 -0.870521 
-0.0243208 0.993846 0.809636 0.798029 -0.871373 
-0.0201352 0.994091 0.805558 0.777145 -0.871142 
-0.0191611 0.994317 0.801526 0.755751 -0.871175 
-0.0154334 0.994513 0.796547 0.729676 -0.87137 
-0.0110661 0.994685 0.791432 0.70001 -0.870826 
-0.00941607 0.994815 0.785781 0.663858 -0.869612 
-0.0056231 0.994951 0.779311 0.624662 -0.869278 
-0.00568546 0.995079 0.774109 0.580823 -0.86898 
-0.00272389 0.995207 0.767688 0.53289 -0.86846 
-0.00445931 0.995343 0.761937 0.480213 -0.86853 
-0.00607303 0.995431 0.754371 0.417684 -0.867147 
-0.0045086 0.995509 0.747379 0.34997 -0.865603 
-0.00177963 0.995609 0.741869 0.276525 -0.864309 
8.00376e-05 0.995677 0.73348 0.20461 -0.862877 
0.000319063 0.995766 0.727032 0.124299 -0.862128 
0.00571647 0.995816 0.718823 0.0481045 -0.860614 
0.00904188 0.995875 0.711064 -0.029244 -0.858996 
0.0105328 0.995934 0.702432 -0.103238 -0.857514 
0.0117612 0.995992 0.694014 -0.17623 -0.856543 
0.0133758 0.996005 0.682706 -0.247999 -0.854102 
0.0129049 0.996037 0.672493 -0.308344 -0.852091 
0.0140812 0.996069 0.662926 -0.36445 -0.850347 
0.0124419 0.996114 0.652125 -0.418352 -0.849293 
0.0126893 0.996144 0.642799 -0.465251 -0.847354 
0.0128502 0.996163 0.631695 -0.506389 -0.845738 
0.0138258 0.996167 0.621606 -0.543196 -0.843138 
0.0158781 0.996206 0.612088 -0.578574 -0.842262 
0.0170352 0.996223 0.600532 -0.610664 -0.840125 
0.0153643 0.996256 0.589405 -0.639986 -0.83842 
0.0168236 0.996274 0.577243 -0.665266 -0.836368 
0.0153633 0.996293 0.565592 -0.687658 -0.834842 
0.0185449 0.996333 0.553592 -0.708633 -0.833878 
0.0203628 0.996332 0.540962 -0.72613 -0.831439 
0.0208991 0.996343 0.529628 -0.741542 -0.829094 
