    muA     betawT                   VwU VwTAlpha     Fw Fv Fvw     
-2.76868e-06 0.00160485 -0.00228299 -0.000714326 0.000903518 -0.000680242 0.00266084 
0.0138716 0.0145224 -0.000208886 -0.00491459 -0.171694 -0.00372353 -0.00860456 
0.00327351 0.00203337 -0.00173319 -0.00429992 -0.0624308 -0.0045274 0.00255414 
-0.000284289 -0.00317358 -0.00239342 0.00274324 -0.00350314 0.000560543 -0.00134905 
-0.00267736 0.00296636 0.00317264 0.00306058 0.002038 0.000131657 0.00361191 
-0.00267736 0.00296636 0.00317264 0.00306058 0.002038 0.000131657 0.00361191 
-0.00267736 0.00296636 0.00317264 0.00306058 0.002038 0.000131657 0.00361191 
-0.00267736 0.00296636 0.00317264 0.00306058 0.002038 0.000131657 0.00361191 
-0.00267736 0.00296636 0.00317264 0.00306058 0.002038 0.000131657 0.00361191 
-0.00267736 0.00296636 0.00317264 0.00306058 0.002038 0.000131657 0.00361191 
-0.00267736 0.00296636 0.00317264 0.00306058 0.002038 0.000131657 0.00361191 
-0.00267736 0.00296636 0.00317264 0.00306058 0.002038 0.000131657 0.00361191 
-0.00267736 0.00296636 0.00317264 0.00306058 0.002038 0.000131657 0.00361191 
-0.00267736 0.00296636 0.00317264 0.00306058 0.002038 0.000131657 0.00361191 
-0.00267736 0.00296636 0.00317264 0.00306058 0.002038 0.000131657 0.00361191 
-0.00267736 0.00296636 0.00317264 0.00306058 0.002038 0.000131657 0.00361191 
-0.00267736 0.00296636 0.00317264 0.00306058 0.002038 0.000131657 0.00361191 
-0.00267736 0.00296636 0.00317264 0.00306058 0.002038 0.000131657 0.00361191 
-0.00267736 0.00296636 0.00317264 0.00306058 0.002038 0.000131657 0.00361191 
-0.00267736 0.00296636 0.00317264 0.00306058 0.002038 0.000131657 0.00361191 
-0.00267736 0.00296636 0.00317264 0.00306058 0.002038 0.000131657 0.00361191 
-0.00267736 0.00296636 0.00317264 0.00306058 0.002038 0.000131657 0.00361191 
-0.00267736 0.00296636 0.00317264 0.00306058 0.002038 0.000131657 0.00361191 
-0.00267736 0.00296636 0.00317264 0.00306058 0.002038 0.000131657 0.00361191 
-0.00267736 0.00296636 0.00317264 0.00306058 0.002038 0.000131657 0.00361191 
-0.00267736 0.00296636 0.00317264 0.00306058 0.002038 0.000131657 0.00361191 
-0.00267736 0.00296636 0.00317264 0.00306058 0.002038 0.000131657 0.00361191 
-0.00267736 0.00296636 0.00317264 0.00306058 0.002038 0.000131657 0.00361191 
-0.00267736 0.00296636 0.00317264 0.00306058 0.002038 0.000131657 0.00361191 
-0.00267736 0.00296636 0.00317264 0.00306058 0.002038 0.000131657 0.00361191 
-0.00267736 0.00296636 0.00317264 0.00306058 0.002038 0.000131657 0.00361191 
-0.00267736 0.00296636 0.00317264 0.00306058 0.002038 0.000131657 0.00361191 
-0.00267736 0.00296636 0.00317264 0.00306058 0.002038 0.000131657 0.00361191 
-0.00267736 0.00296636 0.00317264 0.00306058 0.002038 0.000131657 0.00361191 
-0.00267736 0.00296636 0.00317264 0.00306058 0.002038 0.000131657 0.00361191 
-0.00267736 0.00296636 0.00317264 0.00306058 0.002038 0.000131657 0.00361191 
-0.00267736 0.00296636 0.00317264 0.00306058 0.002038 0.000131657 0.00361191 
-0.00267736 0.00296636 0.00317264 0.00306058 0.002038 0.000131657 0.00361191 
-0.00267736 0.00296636 0.00317264 0.00306058 0.002038 0.000131657 0.00361191 
-0.00267736 0.00296636 0.00317264 0.00306058 0.002038 0.000131657 0.00361191 
-0.00267736 0.00296636 0.00317264 0.00306058 0.002038 0.000131657 0.00361191 
-0.00267736 0.00296636 0.00317264 0.00306058 0.002038 0.000131657 0.00361191 
-0.00267736 0.00296636 0.00317264 0.00306058 0.002038 0.000131657 0.00361191 
-0.00267736 0.00296636 0.00317264 0.00306058 0.002038 0.000131657 0.00361191 
-0.00267736 0.00296636 0.00317264 0.00306058 0.002038 0.000131657 0.00361191 
-0.00267736 0.00296636 0.00317264 0.00306058 0.002038 0.000131657 0.00361191 
-0.00267736 0.00296636 0.00317264 0.00306058 0.002038 0.000131657 0.00361191 
-0.00267736 0.00296636 0.00317264 0.00306058 0.002038 0.000131657 0.00361191 
-0.00267736 0.00296636 0.00317264 0.00306058 0.002038 0.000131657 0.00361191 
-0.00267736 0.00296636 0.00317264 0.00306058 0.002038 0.000131657 0.00361191 
-0.00267736 0.00296636 0.00317264 0.00306058 0.002038 0.000131657 0.00361191 
-0.00267736 0.00296636 0.00317264 0.00306058 0.002038 0.000131657 0.00361191 
-0.00267736 0.00296636 0.00317264 0.00306058 0.002038 0.000131657 0.00361191 
-0.00267736 0.00296636 0.00317264 0.00306058 0.002038 0.000131657 0.00361191 
-0.00267736 0.00296636 0.00317264 0.00306058 0.002038 0.000131657 0.00361191 
-0.00267736 0.00296636 0.00317264 0.00306058 0.002038 0.000131657 0.00361191 
-0.00267736 0.00296636 0.00317264 0.00306058 0.002038 0.000131657 0.00361191 
-0.00267736 0.00296636 0.00317264 0.00306058 0.002038 0.000131657 0.00361191 
-0.00267736 0.00296636 0.00317264 0.00306058 0.002038 0.000131657 0.00361191 
-0.00267736 0.00296636 0.00317264 0.00306058 0.002038 0.000131657 0.00361191 
-0.00267736 0.00296636 0.00317264 0.00306058 0.002038 0.000131657 0.00361191 
-0.00267736 0.00296636 0.00317264 0.00306058 0.002038 0.000131657 0.00361191 
-0.00267736 0.00296636 0.00317264 0.00306058 0.002038 0.000131657 0.00361191 
-0.00267736 0.00296636 0.00317264 0.00306058 0.002038 0.000131657 0.00361191 
-0.00267736 0.00296636 0.00317264 0.00306058 0.002038 0.000131657 0.00361191 
0.00210436 -0.00339202 0.0028895 0.00248979 0.00210895 0.0006147 -0.000448641 
-0.00274088 -0.0031863 0.00122186 0.00265347 0.00290828 -0.00349297 -8.28744e-05 
-0.00274088 -0.0031863 0.00122186 0.00265347 0.00290828 -0.00349297 -8.28744e-05 
-0.00319958 -0.00350752 0.0030596 0.00321832 -0.000141401 -0.001603 0.00110673 
-0.00319958 -0.00350752 0.0030596 0.00321832 -0.000141401 -0.001603 0.00110673 
0.00148732 -0.00273457 0.00202517 0.00294661 0.00179049 9.03648e-05 -0.00237416 
-0.0029047 -0.00333112 0.00186554 0.00229938 0.000931049 0.0017516 -0.0013482 
0.00307795 -0.00291728 0.00098481 0.00363892 0.00144767 -0.000980779 0.00183335 
-0.00216616 -0.0020595 0.0030278 0.00341697 0.00371118 -0.00143401 -0.00111969 
-0.00258596 -0.00376882 0.00224283 0.0023099 0.000793646 0.00232766 0.00146641 
-0.00258409 -0.00376732 0.00224457 0.00231178 0.000794458 0.00232451 0.00146358 
0.0022268 -0.00341931 0.00296604 0.00339466 0.000503012 0.00263768 0.000810655 
0.00193563 -0.00429223 0.00271172 0.0034111 -0.00157056 -0.000541406 0.00106093 
0.0033497 -0.0046223 0.0008904 0.00263466 -0.000367045 6.42112e-05 -0.00138938 
-0.00190887 -0.00319356 0.00333189 0.00408495 0.00173055 -0.00330061 -0.000826537 
    muA     betawT                   VwU VwTAlpha     Fw         
-0.0025285 -0.00245808 -0.00136258 -0.00159919 0.00174639 
0.00317654 -0.00121489 -0.00200725 -0.00495545 -0.0479638 
-0.00226851 -0.00238631 -7.50488e-05 6.27442e-05 0.00347437 
-0.00226851 -0.00238631 -7.50488e-05 6.27442e-05 0.00347437 
-0.00226851 -0.00238631 -7.50488e-05 6.27442e-05 0.00347437 
-0.00226851 -0.00238631 -7.50488e-05 6.27442e-05 0.00347437 
-0.00226851 -0.00238631 -7.50488e-05 6.27442e-05 0.00347437 
-0.00226851 -0.00238631 -7.50488e-05 6.27442e-05 0.00347437 
-0.00226851 -0.00238631 -7.50488e-05 6.27442e-05 0.00347437 
-0.00226851 -0.00238631 -7.50488e-05 6.27442e-05 0.00347437 
-0.00226851 -0.00238631 -7.50488e-05 6.27442e-05 0.00347437 
-0.00226851 -0.00238631 -7.50488e-05 6.27442e-05 0.00347437 
-0.00226851 -0.00238631 -7.50488e-05 6.27442e-05 0.00347437 
-0.00226851 -0.00238631 -7.50488e-05 6.27442e-05 0.00347437 
-0.00226851 -0.00238631 -7.50488e-05 6.27442e-05 0.00347437 
-0.00226851 -0.00238631 -7.50488e-05 6.27442e-05 0.00347437 
-0.00226851 -0.00238631 -7.50488e-05 6.27442e-05 0.00347437 
-0.00226851 -0.00238631 -7.50488e-05 6.27442e-05 0.00347437 
-0.00226851 -0.00238631 -7.50488e-05 6.27442e-05 0.00347437 
-0.00226851 -0.00238631 -7.50488e-05 6.27442e-05 0.00347437 
-0.00226851 -0.00238631 -7.50488e-05 6.27442e-05 0.00347437 
-0.00226851 -0.00238631 -7.50488e-05 6.27442e-05 0.00347437 
-0.00226851 -0.00238631 -7.50488e-05 6.27442e-05 0.00347437 
-0.00226851 -0.00238631 -7.50488e-05 6.27442e-05 0.00347437 
-0.00226851 -0.00238631 -7.50488e-05 6.27442e-05 0.00347437 
-0.00226851 -0.00238631 -7.50488e-05 6.27442e-05 0.00347437 
-0.00226851 -0.00238631 -7.50488e-05 6.27442e-05 0.00347437 
-0.00226851 -0.00238631 -7.50488e-05 6.27442e-05 0.00347437 
-0.00226851 -0.00238631 -7.50488e-05 6.27442e-05 0.00347437 
-0.00226851 -0.00238631 -7.50488e-05 6.27442e-05 0.00347437 
-0.00226851 -0.00238631 -7.50488e-05 6.27442e-05 0.00347437 
-0.00226851 -0.00238631 -7.50488e-05 6.27442e-05 0.00347437 
-0.00226851 -0.00238631 -7.50488e-05 6.27442e-05 0.00347437 
-0.00226851 -0.00238631 -7.50488e-05 6.27442e-05 0.00347437 
-0.00226851 -0.00238631 -7.50488e-05 6.27442e-05 0.00347437 
-0.00226851 -0.00238631 -7.50488e-05 6.27442e-05 0.00347437 
-0.00226851 -0.00238631 -7.50488e-05 6.27442e-05 0.00347437 
-0.00226851 -0.00238631 -7.50488e-05 6.27442e-05 0.00347437 
-0.00226851 -0.00238631 -7.50488e-05 6.27442e-05 0.00347437 
-0.00226851 -0.00238631 -7.50488e-05 6.27442e-05 0.00347437 
-0.00226851 -0.00238631 -7.50488e-05 6.27442e-05 0.00347437 
-0.00226851 -0.00238631 -7.50488e-05 6.27442e-05 0.00347437 
-0.00226851 -0.00238631 -7.50488e-05 6.27442e-05 0.00347437 
-0.00226851 -0.00238631 -7.50488e-05 6.27442e-05 0.00347437 
-0.00226851 -0.00238631 -7.50488e-05 6.27442e-05 0.00347437 
-0.00226851 -0.00238631 -7.50488e-05 6.27442e-05 0.00347437 
-0.00226851 -0.00238631 -7.50488e-05 6.27442e-05 0.00347437 
-0.00226851 -0.00238631 -7.50488e-05 6.27442e-05 0.00347437 
-0.00226851 -0.00238631 -7.50488e-05 6.27442e-05 0.00347437 
-0.00226851 -0.00238631 -7.50488e-05 6.27442e-05 0.00347437 
-0.00226851 -0.00238631 -7.50488e-05 6.27442e-05 0.00347437 
-0.00226851 -0.00238631 -7.50488e-05 6.27442e-05 0.00347437 
-0.00226851 -0.00238631 -7.50488e-05 6.27442e-05 0.00347437 
-0.00226851 -0.00238631 -7.50488e-05 6.27442e-05 0.00347437 
-0.00226851 -0.00238631 -7.50488e-05 6.27442e-05 0.00347437 
-0.00226851 -0.00238631 -7.50488e-05 6.27442e-05 0.00347437 
-0.00226851 -0.00238631 -7.50488e-05 6.27442e-05 0.00347437 
-0.00226851 -0.00238631 -7.50488e-05 6.27442e-05 0.00347437 
-0.00226851 -0.00238631 -7.50488e-05 6.27442e-05 0.00347437 
-0.00226851 -0.00238631 -7.50488e-05 6.27442e-05 0.00347437 
-0.00226851 -0.00238631 -7.50488e-05 6.27442e-05 0.00347437 
-0.00226851 -0.00238631 -7.50488e-05 6.27442e-05 0.00347437 
-0.00226851 -0.00238631 -7.50488e-05 6.27442e-05 0.00347437 
-0.00226851 -0.00238631 -7.50488e-05 6.27442e-05 0.00347437 
-0.00226851 -0.00238631 -7.50488e-05 6.27442e-05 0.00347437 
0.00261557 -0.0023374 0.00333008 0.00293886 0.00221626 
0.00261557 -0.0023374 0.00333008 0.00293886 0.00221626 
0.000375922 -0.00316174 0.00259944 0.00201645 -0.00119046 
-0.0015073 -0.00220246 0.00303433 0.00265515 0.00262805 
-0.0012866 -0.0026203 0.00301824 0.00290572 -0.00201399 
0.00176847 -0.00283904 0.00178944 0.0020524 0.00307251 
-0.00328379 -0.00336041 0.00327304 0.00161746 -0.00200306 
-0.00120097 -0.00328613 0.00219353 0.00202004 0.00162586 
0.000343847 -0.00435091 -0.00113975 0.00304149 -0.00056127 
0.00128463 -0.00481742 0.00149322 0.00256078 -0.00327386 
-0.00209862 -0.00399786 0.0036388 0.0036148 0.00338129 
-0.00251945 -0.00595102 0.00102099 0.00363669 -0.00290986 
-0.00257232 -0.00665179 0.000404378 0.00384718 0.000599009 
-0.000250197 -0.00670327 0.00289353 0.00330306 0.00378816 
0.00187036 -0.00634811 0.0040206 0.00523717 0.00412237 
