p   muA phi   betawT betav1 betav2 betavT betavwU betavwT VvAIDS Vv   VvTAlpha VwU VwTAlpha VwvUAlpha VwvTAlpha Fw Fv Fvw     
-0.0269053 0.936552 -0.0285466 -0.000111622 0.0158106 0.0385434 -0.00564856 0.0263975 0.0551706 0.0144802 -0.0207018 -0.0174945 0.999912 0.0140571 0.0132406 0.0241397 -0.0138121 -0.0716348 0.0146545 
0.0363211 0.196247 -0.17075 0.0375372 0.0134994 -0.0171748 0.0328945 0.00611707 -0.0637257 0.639951 -0.213121 -0.0283054 0.998685 0.681653 0.16839 0.026843 -0.890624 0.0170801 0.0367074 
0.059506 -0.192739 -0.172612 0.0211337 0.0194981 -0.00742826 0.0184555 -0.00375244 -0.0772225 0.644503 -0.191379 0.0267116 0.985995 0.686895 0.145808 0.0322 -0.87614 -0.0201761 0.0392408 
0.0822574 -0.249011 -0.200801 0.0246069 0.0237114 0.00128096 0.0223544 0.0149952 -0.0668324 0.701093 -0.201319 0.0976119 0.956059 0.739783 0.126203 0.045255 -0.884336 -0.0700389 0.0420403 
0.0946663 -0.260761 -0.243122 0.0279776 0.027747 -0.00427342 0.0231541 0.0148373 -0.0461129 0.768442 -0.20237 0.1805 0.919521 0.799713 0.134198 0.0670854 -0.900256 -0.124247 0.0370361 
0.115007 -0.258327 -0.283404 0.0364951 0.0239643 -0.00539767 0.0290756 0.0156745 -0.0268574 0.819186 -0.194394 0.290924 0.880835 0.843849 0.14414 0.0781868 -0.906984 -0.198013 0.0289559 
0.140412 -0.23087 -0.309423 0.0511457 0.0162945 -0.00237169 0.0290231 0.011648 -0.00702786 0.851279 -0.168107 0.405433 0.840467 0.872395 0.156339 0.0889793 -0.904413 -0.274671 0.0160504 
0.168848 -0.195682 -0.324733 0.0653798 0.00988596 0.00514554 0.0230782 0.0071118 0.00516914 0.870393 -0.127278 0.516892 0.798171 0.889767 0.159573 0.0916445 -0.892678 -0.343962 0.00150738 
0.197673 -0.15555 -0.329708 0.0802532 0.000800165 0.0133488 0.0172815 0.00354776 0.0187866 0.88054 -0.079005 0.607798 0.755391 0.899335 0.159921 0.0954612 -0.870704 -0.40907 -0.0117727 
0.228134 -0.116158 -0.32529 0.0935382 -0.00366275 0.0203842 0.00968358 0.00224149 0.0248392 0.885293 -0.0231994 0.679707 0.71443 0.903886 0.159742 0.0931621 -0.837486 -0.459099 -0.0187769 
0.257602 -0.0831017 -0.319148 0.104275 -0.00312166 0.0233922 0.00153528 -0.00285337 0.025131 0.885737 0.0403732 0.734581 0.67518 0.9052 0.159109 0.0891491 -0.790288 -0.500183 -0.0222427 
0.280945 -0.0523191 -0.308955 0.116646 -0.0060461 0.0248375 -0.00769846 -0.00671038 0.0254654 0.88437 0.100956 0.777307 0.643791 0.904333 0.158106 0.0903313 -0.729174 -0.531314 -0.0236246 
0.300262 -0.0289786 -0.29968 0.12356 -0.00703596 0.0218934 -0.0166309 -0.0101697 0.0223072 0.880995 0.160078 0.80961 0.619664 0.901873 0.151744 0.0878539 -0.657074 -0.556395 -0.020246 
0.322893 -0.0115791 -0.290046 0.128915 -0.0104355 0.0190053 -0.0247992 -0.00855116 0.0222553 0.876551 0.217406 0.834218 0.600281 0.898956 0.142247 0.0864142 -0.57784 -0.574359 -0.0169463 
0.338078 0.00256092 -0.280149 0.131641 -0.0128022 0.0179322 -0.0290181 -0.00922854 0.0211946 0.871068 0.26733 0.853422 0.586015 0.895635 0.133195 0.0865808 -0.496298 -0.585684 -0.014866 
0.351763 0.0129854 -0.269996 0.133472 -0.011822 0.0129176 -0.033575 -0.00946327 0.0197779 0.865345 0.313852 0.869183 0.575448 0.891605 0.126058 0.0851994 -0.419858 -0.593867 -0.0135944 
0.364895 0.0197878 -0.259996 0.137632 -0.0136953 0.00796402 -0.0340526 -0.0121292 0.0165448 0.859372 0.3561 0.88213 0.565749 0.888033 0.115676 0.0847033 -0.345795 -0.601877 -0.012978 
0.374526 0.0268215 -0.252675 0.139479 -0.0165234 0.00628944 -0.0341398 -0.0137407 0.0138769 0.852351 0.392235 0.892643 0.557086 0.884258 0.106632 0.0856717 -0.27805 -0.606312 -0.0102061 
0.382887 0.0306841 -0.24569 0.141306 -0.0171647 0.00565013 -0.0343008 -0.0171406 0.0111167 0.845071 0.425371 0.901652 0.55087 0.880412 0.0991797 0.0869908 -0.220279 -0.60892 -0.00958721 
0.390355 0.0317926 -0.240707 0.145848 -0.017683 0.00495842 -0.0341481 -0.0182111 0.0104383 0.837467 0.45517 0.909478 0.54601 0.876903 0.095235 0.0862049 -0.169345 -0.611833 -0.00781869 
0.399551 0.0335702 -0.236356 0.149144 -0.0182181 0.00485029 -0.0349047 -0.0217896 0.0103001 0.830005 0.481759 0.916242 0.541999 0.873478 0.0893462 0.0857182 -0.127923 -0.613121 -0.00340677 
0.405902 0.0344998 -0.232087 0.151315 -0.0210031 0.00356605 -0.0344767 -0.0255963 0.0107364 0.823182 0.507279 0.922221 0.537821 0.870491 0.084947 0.0863491 -0.0928799 -0.613377 -0.000983035 
0.411397 0.0354205 -0.2273 0.152614 -0.0233349 0.00161512 -0.0344314 -0.0258492 0.0103756 0.815889 0.53005 0.927302 0.534249 0.867737 0.081524 0.0856764 -0.0644623 -0.613329 0.00215942 
0.417856 0.0357461 -0.225283 0.152685 -0.0234547 0.000974797 -0.0354523 -0.0267072 0.00931197 0.807982 0.551024 0.931585 0.53008 0.864787 0.0779474 0.086213 -0.0405938 -0.611807 0.00444374 
0.424956 0.0352974 -0.222284 0.153843 -0.0238595 -0.00205712 -0.0344716 -0.0301666 0.0109908 0.800528 0.568422 0.935489 0.52744 0.862328 0.072221 0.0858041 -0.0212699 -0.609655 0.00533405 
0.428928 0.0339695 -0.218685 0.15586 -0.0230136 -0.00248708 -0.0340661 -0.0326553 0.0103543 0.793305 0.585126 0.938979 0.525752 0.860031 0.0690701 0.0867514 -0.00694491 -0.608438 0.00852981 
0.432418 0.0350105 -0.217095 0.156919 -0.0239874 -0.00431062 -0.0326881 -0.0337771 0.0110954 0.787163 0.600332 0.942003 0.52513 0.857822 0.0653645 0.0854161 0.0028223 -0.6059 0.0120934 
0.436505 0.0361965 -0.213884 0.15583 -0.0239063 -0.0063659 -0.0320828 -0.0369732 0.0116446 0.779535 0.613989 0.944689 0.523006 0.855476 0.0627596 0.0838527 0.013174 -0.603514 0.0123974 
0.441848 0.0345164 -0.212944 0.155904 -0.023964 -0.00590957 -0.0311751 -0.0377191 0.0100241 0.772315 0.626753 0.947361 0.521688 0.853703 0.0601731 0.0837524 0.021735 -0.601641 0.013845 
0.445253 0.0336232 -0.212167 0.156313 -0.025113 -0.00732659 -0.0314303 -0.0393993 0.0114297 0.765497 0.637415 0.949594 0.519754 0.852409 0.0569501 0.0839279 0.0277829 -0.598662 0.0147288 
0.448627 0.0333909 -0.211498 0.155462 -0.0259835 -0.00910832 -0.0305512 -0.0410104 0.0131799 0.758877 0.647621 0.951497 0.518297 0.850885 0.0540795 0.0845101 0.0321777 -0.596075 0.017564 
0.451716 0.032725 -0.208617 0.154463 -0.0245539 -0.00963511 -0.0292636 -0.0417899 0.0133711 0.752153 0.657672 0.953228 0.516796 0.849259 0.052497 0.0841414 0.0367368 -0.592303 0.017192 
0.455282 0.0329839 -0.207566 0.155047 -0.023883 -0.00862335 -0.0295588 -0.0443858 0.0139026 0.745123 0.666849 0.954799 0.516201 0.847851 0.0504334 0.0837122 0.0399377 -0.588781 0.0185435 
0.458207 0.0324131 -0.204802 0.152705 -0.0247248 -0.00873657 -0.0288591 -0.045126 0.0139327 0.737966 0.675031 0.956252 0.515236 0.846575 0.0479914 0.0831478 0.0426241 -0.584244 0.019851 
0.461467 0.0315342 -0.204115 0.152568 -0.0253955 -0.0102838 -0.0287958 -0.0460328 0.0141511 0.731472 0.682642 0.957639 0.513414 0.845505 0.0454383 0.0832445 0.0440842 -0.580659 0.0222858 
0.464146 0.0312935 -0.202138 0.152079 -0.0247492 -0.0103609 -0.0293563 -0.0463838 0.0155372 0.725218 0.690431 0.958831 0.512176 0.844299 0.0441432 0.0834339 0.0458705 -0.577262 0.0225247 
0.466593 0.0310477 -0.199344 0.150648 -0.0247127 -0.0099207 -0.0291096 -0.0473541 0.0158458 0.718695 0.696925 0.959899 0.510279 0.843347 0.0419198 0.0822061 0.0461276 -0.573415 0.0216098 
0.468594 0.0308834 -0.197971 0.148894 -0.0264631 -0.00999302 -0.027586 -0.0479736 0.0161388 0.711708 0.702837 0.960833 0.508813 0.842155 0.0399557 0.0832464 0.045131 -0.569206 0.0232417 
0.471476 0.028811 -0.196525 0.148476 -0.0259519 -0.0101538 -0.026533 -0.0500338 0.0155154 0.705406 0.709328 0.961782 0.508936 0.841272 0.0403703 0.0811122 0.0435883 -0.565074 0.0234735 
0.474328 0.0295978 -0.196258 0.147057 -0.026147 -0.0112596 -0.0258981 -0.051592 0.016726 0.698867 0.715347 0.962605 0.508355 0.840186 0.0378309 0.0805714 0.0432498 -0.561346 0.023126 
0.476442 0.0302633 -0.19571 0.145758 -0.0255825 -0.0122137 -0.0259327 -0.0531515 0.0163854 0.692596 0.720988 0.963315 0.507824 0.839407 0.0376935 0.0785904 0.0435438 -0.556966 0.0231769 
0.477894 0.0301515 -0.192875 0.143218 -0.0261833 -0.012242 -0.0265516 -0.0540058 0.0167768 0.68656 0.725657 0.96398 0.507117 0.838482 0.0368568 0.0783488 0.0432692 -0.552776 0.0244497 
0.48002 0.0295339 -0.192383 0.14111 -0.0255375 -0.0109155 -0.0263476 -0.0563158 0.0177728 0.680624 0.729876 0.964607 0.506111 0.837611 0.0355795 0.0763279 0.0436378 -0.549274 0.0241429 
0.482456 0.0279795 -0.191068 0.139601 -0.0253765 -0.00981495 -0.0257487 -0.0580126 0.0168786 0.674823 0.733642 0.965159 0.50551 0.836717 0.0354052 0.0751871 0.042186 -0.544333 0.0246335 
0.484395 0.0272533 -0.189978 0.136466 -0.0248525 -0.00975807 -0.0256594 -0.0571616 0.0164735 0.669009 0.737348 0.96558 0.504342 0.835376 0.0347313 0.0732152 0.0430976 -0.540215 0.0250322 
0.484921 0.0287145 -0.188481 0.134235 -0.0249292 -0.00978978 -0.025781 -0.0584786 0.0160893 0.663108 0.741081 0.965998 0.503288 0.834077 0.0321992 0.0716292 0.0429893 -0.536786 0.0245728 
0.487061 0.0288749 -0.187934 0.132188 -0.026032 -0.00954994 -0.0258818 -0.0599146 0.0168054 0.65719 0.744824 0.966461 0.501643 0.833502 0.030973 0.0706412 0.0424631 -0.533076 0.0250148 
0.488444 0.0294233 -0.18799 0.130472 -0.0249466 -0.00875254 -0.0256604 -0.061515 0.0181779 0.65138 0.747839 0.966782 0.50001 0.83253 0.0301832 0.0684374 0.0414719 -0.528588 0.0251342 
0.490296 0.0287539 -0.186319 0.129137 -0.0240216 -0.00916567 -0.0251335 -0.0624471 0.0195495 0.645424 0.750999 0.967136 0.499643 0.831785 0.0291653 0.0663227 0.0404237 -0.524075 0.0250761 
0.492397 0.0285132 -0.183993 0.127639 -0.0235767 -0.0100618 -0.0242395 -0.0637263 0.0189499 0.639981 0.75425 0.967519 0.499592 0.831218 0.0275769 0.0657012 0.0389826 -0.521044 0.0247732 
0.494009 0.0274982 -0.182693 0.125852 -0.0225943 -0.00958918 -0.0245314 -0.064872 0.0196102 0.63501 0.757164 0.967848 0.49955 0.830599 0.0267452 0.06448 0.0390419 -0.517364 0.0251259 
0.494691 0.0273677 -0.182493 0.123124 -0.0223064 -0.00959537 -0.0250987 -0.0657981 0.0195188 0.629824 0.759711 0.968137 0.49823 0.829966 0.0266041 0.0637167 0.0394124 -0.513112 0.0239311 
0.495897 0.0264988 -0.181211 0.121194 -0.0220573 -0.00875965 -0.0244162 -0.0659009 0.0203956 0.624632 0.761966 0.968374 0.497464 0.829039 0.026 0.0631653 0.0391385 -0.508452 0.023388 
0.497567 0.0252612 -0.179707 0.119585 -0.0212994 -0.00792829 -0.0238981 -0.0674369 0.0198255 0.619515 0.764337 0.968607 0.496051 0.828672 0.0247955 0.0619662 0.0389776 -0.504472 0.023645 
0.498074 0.0240269 -0.178752 0.117346 -0.0210528 -0.00930848 -0.0237855 -0.0677515 0.0211977 0.614502 0.766226 0.968782 0.495101 0.827665 0.0236768 0.0607074 0.0389004 -0.500618 0.023832 
0.498782 0.0236471 -0.177713 0.115607 -0.0208589 -0.00966544 -0.0231971 -0.0676851 0.0210999 0.60969 0.7682 0.968943 0.493889 0.826866 0.0234513 0.059292 0.0375228 -0.496215 0.0242792 
0.500195 0.0236073 -0.175691 0.1149 -0.0199766 -0.00936844 -0.0235975 -0.0689093 0.0216049 0.604229 0.770252 0.969119 0.494003 0.826198 0.0219491 0.0584864 0.0359815 -0.492065 0.0245178 
0.502662 0.0239343 -0.175008 0.113093 -0.0193739 -0.00987153 -0.023112 -0.0698608 0.0218709 0.600071 0.772709 0.969335 0.493668 0.825598 0.021741 0.057542 0.035238 -0.48892 0.0247757 
0.503141 0.0242458 -0.173266 0.111215 -0.0195449 -0.0103215 -0.0235489 -0.0702648 0.0224045 0.595244 0.774319 0.969453 0.492548 0.824668 0.0216656 0.056329 0.0348567 -0.485426 0.0248319 
0.504191 0.023955 -0.17269 0.109677 -0.0182743 -0.0100876 -0.0239127 -0.0703548 0.0224009 0.590449 0.775901 0.969545 0.491563 0.823742 0.0214938 0.0549321 0.0347091 -0.482443 0.0246882 
0.505044 0.0237218 -0.172076 0.107477 -0.0176454 -0.00970807 -0.0241819 -0.0706332 0.0225998 0.58624 0.777661 0.969694 0.490969 0.823315 0.0214439 0.0531191 0.0343637 -0.479462 0.0246935 
0.506306 0.0245965 -0.169871 0.105224 -0.0181342 -0.0106578 -0.0241672 -0.0710315 0.0231225 0.581627 0.779399 0.969824 0.489891 0.822621 0.0212459 0.0516945 0.0343152 -0.475872 0.0247869 
0.508007 0.0244153 -0.169124 0.103281 -0.0174334 -0.0116129 -0.0236444 -0.0716392 0.0229812 0.576918 0.78108 0.96991 0.488438 0.821899 0.019885 0.0509172 0.0341972 -0.472298 0.0252631 
0.508405 0.024316 -0.168054 0.101398 -0.0170191 -0.0115709 -0.022413 -0.0723774 0.0227277 0.572588 0.782466 0.969989 0.48769 0.821192 0.0190568 0.0495469 0.0327885 -0.469019 0.025335 
0.508733 0.0248624 -0.166318 0.100646 -0.0170185 -0.0115902 -0.0226108 -0.0728581 0.0234058 0.568142 0.783439 0.970006 0.486159 0.820246 0.0176318 0.0484146 0.0325188 -0.465014 0.0255381 
0.509727 0.0251339 -0.164719 0.0990201 -0.0162379 -0.010344 -0.0224684 -0.0728767 0.0234963 0.564753 0.784769 0.970072 0.485309 0.819552 0.0166224 0.04714 0.0316952 -0.462511 0.0255615 
0.510451 0.0250608 -0.16347 0.0984252 -0.0159728 -0.0108233 -0.0218169 -0.073236 0.0233706 0.560952 0.785861 0.970146 0.484877 0.81899 0.0168614 0.0454191 0.0306602 -0.459934 0.02634 
0.511576 0.025827 -0.161244 0.0964723 -0.0153862 -0.0102779 -0.0226276 -0.0731659 0.0238858 0.5568 0.787318 0.970198 0.48362 0.818154 0.0164578 0.044159 0.0306163 -0.45744 0.0267913 
0.512302 0.0248745 -0.160294 0.094274 -0.0149702 -0.0108385 -0.0220368 -0.0729676 0.0239329 0.552891 0.788315 0.970203 0.482873 0.817373 0.0154777 0.0431074 0.0290762 -0.454359 0.026716 
0.51323 0.0259503 -0.15965 0.0920514 -0.0152678 -0.00955868 -0.0225183 -0.0735423 0.0234483 0.548662 0.789454 0.970226 0.481723 0.81656 0.0137938 0.0422406 0.0290799 -0.45146 0.026413 
0.51412 0.0256404 -0.158369 0.0897755 -0.0142524 -0.00985503 -0.0228679 -0.0735118 0.0241609 0.544702 0.790507 0.97024 0.480536 0.815864 0.0131786 0.0413635 0.0290575 -0.448105 0.0265661 
0.515497 0.0260844 -0.15804 0.0876614 -0.0139 -0.00989469 -0.0229182 -0.0742684 0.0247379 0.541216 0.79153 0.970304 0.480344 0.815465 0.0120833 0.03982 0.0295606 -0.445607 0.0265 
0.515732 0.0258489 -0.156669 0.0860211 -0.0131578 -0.00986795 -0.022663 -0.0751827 0.0249226 0.537526 0.792386 0.970304 0.479387 0.81474 0.0120315 0.0388409 0.0290174 -0.442441 0.027163 
0.51593 0.0260372 -0.155334 0.0851097 -0.0126902 -0.00910691 -0.0227271 -0.0757593 0.0256254 0.534363 0.793459 0.970336 0.479088 0.814275 0.0121833 0.0376546 0.0288095 -0.439781 0.026911 
0.516293 0.0262868 -0.154263 0.0830184 -0.0127836 -0.00887539 -0.0218332 -0.0759228 0.0249715 0.53178 0.794275 0.970348 0.478222 0.813656 0.0121454 0.0368415 0.0291172 -0.437411 0.0270971 
0.516842 0.0254431 -0.153074 0.0810107 -0.0123145 -0.0086854 -0.0215137 -0.076073 0.0252542 0.528647 0.795091 0.970327 0.477702 0.813001 0.0114204 0.0355031 0.0282634 -0.434453 0.0271531 
0.517204 0.0249641 -0.151864 0.0799435 -0.0112786 -0.00883514 -0.0213622 -0.0763561 0.0252009 0.525339 0.795944 0.970291 0.476362 0.812096 0.0111507 0.0347105 0.0281312 -0.431375 0.0265389 
0.518319 0.0241789 -0.150654 0.07768 -0.0106073 -0.00957217 -0.0212709 -0.0765475 0.025138 0.522267 0.796782 0.970335 0.475526 0.811775 0.0109073 0.0336534 0.0282554 -0.429306 0.0265869 
0.51867 0.024088 -0.148706 0.0764368 -0.0100672 -0.00947648 -0.0214451 -0.0774118 0.024895 0.518813 0.797597 0.970332 0.474879 0.811269 0.0112633 0.0325056 0.0278556 -0.42724 0.0265826 
0.519807 0.0247677 -0.147875 0.0746381 -0.0100721 -0.0087531 -0.0213569 -0.0779418 0.0251709 0.516178 0.798444 0.970355 0.474558 0.810766 0.0104005 0.0313147 0.0275071 -0.42478 0.0263866 
