p   muA phi   betawT betav1 betav2 betavT betavwU betavwT VvAIDS Vv   VvTAlpha VwU VwTAlpha VwvUAlpha VwvTAlpha Fw Fv Fvw     
-0.00229354 0.000101538 0.00148656 4.9688e-06 0.00206681 0.00252191 -0.000467366 -0.00228252 -0.000264669 -0.00130618 -0.00192065 -0.00220816 0.00170268 0.00222676 -0.00145695 -0.000279259 0.00264988 -0.000969201 -0.000885369 
-0.000354241 0.00103685 -0.00133951 -0.00203183 0.00223353 0.00403755 -0.00330392 0.000345706 0.0023216 -0.000945584 0.000777504 -0.00219454 -0.00309468 0.00312616 -0.00418455 0.00248534 -0.0322578 -0.00509097 -0.00349389 
0.00234425 -0.00217124 -0.00251717 -0.00290833 -0.00033933 0.00153654 0.00107189 0.00219664 -0.00327058 0.00200424 0.000664085 -0.00236157 -0.00353539 -0.00113455 -0.00237564 0.00267661 0.00276002 -5.54231e-05 0.0033081 
0.00234425 -0.00217124 -0.00251717 -0.00290833 -0.00033933 0.00153654 0.00107189 0.00219664 -0.00327058 0.00200424 0.000664085 -0.00236157 -0.00353539 -0.00113455 -0.00237564 0.00267661 0.00276002 -5.54231e-05 0.0033081 
0.00234425 -0.00217124 -0.00251717 -0.00290833 -0.00033933 0.00153654 0.00107189 0.00219664 -0.00327058 0.00200424 0.000664085 -0.00236157 -0.00353539 -0.00113455 -0.00237564 0.00267661 0.00276002 -5.54231e-05 0.0033081 
0.00234425 -0.00217124 -0.00251717 -0.00290833 -0.00033933 0.00153654 0.00107189 0.00219664 -0.00327058 0.00200424 0.000664085 -0.00236157 -0.00353539 -0.00113455 -0.00237564 0.00267661 0.00276002 -5.54231e-05 0.0033081 
0.00234425 -0.00217124 -0.00251717 -0.00290833 -0.00033933 0.00153654 0.00107189 0.00219664 -0.00327058 0.00200424 0.000664085 -0.00236157 -0.00353539 -0.00113455 -0.00237564 0.00267661 0.00276002 -5.54231e-05 0.0033081 
0.00234425 -0.00217124 -0.00251717 -0.00290833 -0.00033933 0.00153654 0.00107189 0.00219664 -0.00327058 0.00200424 0.000664085 -0.00236157 -0.00353539 -0.00113455 -0.00237564 0.00267661 0.00276002 -5.54231e-05 0.0033081 
0.00234425 -0.00217124 -0.00251717 -0.00290833 -0.00033933 0.00153654 0.00107189 0.00219664 -0.00327058 0.00200424 0.000664085 -0.00236157 -0.00353539 -0.00113455 -0.00237564 0.00267661 0.00276002 -5.54231e-05 0.0033081 
0.00234425 -0.00217124 -0.00251717 -0.00290833 -0.00033933 0.00153654 0.00107189 0.00219664 -0.00327058 0.00200424 0.000664085 -0.00236157 -0.00353539 -0.00113455 -0.00237564 0.00267661 0.00276002 -5.54231e-05 0.0033081 
0.00234425 -0.00217124 -0.00251717 -0.00290833 -0.00033933 0.00153654 0.00107189 0.00219664 -0.00327058 0.00200424 0.000664085 -0.00236157 -0.00353539 -0.00113455 -0.00237564 0.00267661 0.00276002 -5.54231e-05 0.0033081 
0.00234425 -0.00217124 -0.00251717 -0.00290833 -0.00033933 0.00153654 0.00107189 0.00219664 -0.00327058 0.00200424 0.000664085 -0.00236157 -0.00353539 -0.00113455 -0.00237564 0.00267661 0.00276002 -5.54231e-05 0.0033081 
0.00234425 -0.00217124 -0.00251717 -0.00290833 -0.00033933 0.00153654 0.00107189 0.00219664 -0.00327058 0.00200424 0.000664085 -0.00236157 -0.00353539 -0.00113455 -0.00237564 0.00267661 0.00276002 -5.54231e-05 0.0033081 
0.00234425 -0.00217124 -0.00251717 -0.00290833 -0.00033933 0.00153654 0.00107189 0.00219664 -0.00327058 0.00200424 0.000664085 -0.00236157 -0.00353539 -0.00113455 -0.00237564 0.00267661 0.00276002 -5.54231e-05 0.0033081 
0.00234425 -0.00217124 -0.00251717 -0.00290833 -0.00033933 0.00153654 0.00107189 0.00219664 -0.00327058 0.00200424 0.000664085 -0.00236157 -0.00353539 -0.00113455 -0.00237564 0.00267661 0.00276002 -5.54231e-05 0.0033081 
0.00234425 -0.00217124 -0.00251717 -0.00290833 -0.00033933 0.00153654 0.00107189 0.00219664 -0.00327058 0.00200424 0.000664085 -0.00236157 -0.00353539 -0.00113455 -0.00237564 0.00267661 0.00276002 -5.54231e-05 0.0033081 
0.00234425 -0.00217124 -0.00251717 -0.00290833 -0.00033933 0.00153654 0.00107189 0.00219664 -0.00327058 0.00200424 0.000664085 -0.00236157 -0.00353539 -0.00113455 -0.00237564 0.00267661 0.00276002 -5.54231e-05 0.0033081 
0.00234425 -0.00217124 -0.00251717 -0.00290833 -0.00033933 0.00153654 0.00107189 0.00219664 -0.00327058 0.00200424 0.000664085 -0.00236157 -0.00353539 -0.00113455 -0.00237564 0.00267661 0.00276002 -5.54231e-05 0.0033081 
0.00234425 -0.00217124 -0.00251717 -0.00290833 -0.00033933 0.00153654 0.00107189 0.00219664 -0.00327058 0.00200424 0.000664085 -0.00236157 -0.00353539 -0.00113455 -0.00237564 0.00267661 0.00276002 -5.54231e-05 0.0033081 
0.00234425 -0.00217124 -0.00251717 -0.00290833 -0.00033933 0.00153654 0.00107189 0.00219664 -0.00327058 0.00200424 0.000664085 -0.00236157 -0.00353539 -0.00113455 -0.00237564 0.00267661 0.00276002 -5.54231e-05 0.0033081 
0.00234425 -0.00217124 -0.00251717 -0.00290833 -0.00033933 0.00153654 0.00107189 0.00219664 -0.00327058 0.00200424 0.000664085 -0.00236157 -0.00353539 -0.00113455 -0.00237564 0.00267661 0.00276002 -5.54231e-05 0.0033081 
0.00234425 -0.00217124 -0.00251717 -0.00290833 -0.00033933 0.00153654 0.00107189 0.00219664 -0.00327058 0.00200424 0.000664085 -0.00236157 -0.00353539 -0.00113455 -0.00237564 0.00267661 0.00276002 -5.54231e-05 0.0033081 
0.00234425 -0.00217124 -0.00251717 -0.00290833 -0.00033933 0.00153654 0.00107189 0.00219664 -0.00327058 0.00200424 0.000664085 -0.00236157 -0.00353539 -0.00113455 -0.00237564 0.00267661 0.00276002 -5.54231e-05 0.0033081 
0.00234425 -0.00217124 -0.00251717 -0.00290833 -0.00033933 0.00153654 0.00107189 0.00219664 -0.00327058 0.00200424 0.000664085 -0.00236157 -0.00353539 -0.00113455 -0.00237564 0.00267661 0.00276002 -5.54231e-05 0.0033081 
0.00234425 -0.00217124 -0.00251717 -0.00290833 -0.00033933 0.00153654 0.00107189 0.00219664 -0.00327058 0.00200424 0.000664085 -0.00236157 -0.00353539 -0.00113455 -0.00237564 0.00267661 0.00276002 -5.54231e-05 0.0033081 
0.00234425 -0.00217124 -0.00251717 -0.00290833 -0.00033933 0.00153654 0.00107189 0.00219664 -0.00327058 0.00200424 0.000664085 -0.00236157 -0.00353539 -0.00113455 -0.00237564 0.00267661 0.00276002 -5.54231e-05 0.0033081 
0.00234425 -0.00217124 -0.00251717 -0.00290833 -0.00033933 0.00153654 0.00107189 0.00219664 -0.00327058 0.00200424 0.000664085 -0.00236157 -0.00353539 -0.00113455 -0.00237564 0.00267661 0.00276002 -5.54231e-05 0.0033081 
0.00234425 -0.00217124 -0.00251717 -0.00290833 -0.00033933 0.00153654 0.00107189 0.00219664 -0.00327058 0.00200424 0.000664085 -0.00236157 -0.00353539 -0.00113455 -0.00237564 0.00267661 0.00276002 -5.54231e-05 0.0033081 
0.00234425 -0.00217124 -0.00251717 -0.00290833 -0.00033933 0.00153654 0.00107189 0.00219664 -0.00327058 0.00200424 0.000664085 -0.00236157 -0.00353539 -0.00113455 -0.00237564 0.00267661 0.00276002 -5.54231e-05 0.0033081 
0.00234425 -0.00217124 -0.00251717 -0.00290833 -0.00033933 0.00153654 0.00107189 0.00219664 -0.00327058 0.00200424 0.000664085 -0.00236157 -0.00353539 -0.00113455 -0.00237564 0.00267661 0.00276002 -5.54231e-05 0.0033081 
0.00234425 -0.00217124 -0.00251717 -0.00290833 -0.00033933 0.00153654 0.00107189 0.00219664 -0.00327058 0.00200424 0.000664085 -0.00236157 -0.00353539 -0.00113455 -0.00237564 0.00267661 0.00276002 -5.54231e-05 0.0033081 
0.00234425 -0.00217124 -0.00251717 -0.00290833 -0.00033933 0.00153654 0.00107189 0.00219664 -0.00327058 0.00200424 0.000664085 -0.00236157 -0.00353539 -0.00113455 -0.00237564 0.00267661 0.00276002 -5.54231e-05 0.0033081 
0.00234425 -0.00217124 -0.00251717 -0.00290833 -0.00033933 0.00153654 0.00107189 0.00219664 -0.00327058 0.00200424 0.000664085 -0.00236157 -0.00353539 -0.00113455 -0.00237564 0.00267661 0.00276002 -5.54231e-05 0.0033081 
0.00234425 -0.00217124 -0.00251717 -0.00290833 -0.00033933 0.00153654 0.00107189 0.00219664 -0.00327058 0.00200424 0.000664085 -0.00236157 -0.00353539 -0.00113455 -0.00237564 0.00267661 0.00276002 -5.54231e-05 0.0033081 
0.00234425 -0.00217124 -0.00251717 -0.00290833 -0.00033933 0.00153654 0.00107189 0.00219664 -0.00327058 0.00200424 0.000664085 -0.00236157 -0.00353539 -0.00113455 -0.00237564 0.00267661 0.00276002 -5.54231e-05 0.0033081 
0.00234425 -0.00217124 -0.00251717 -0.00290833 -0.00033933 0.00153654 0.00107189 0.00219664 -0.00327058 0.00200424 0.000664085 -0.00236157 -0.00353539 -0.00113455 -0.00237564 0.00267661 0.00276002 -5.54231e-05 0.0033081 
0.00234425 -0.00217124 -0.00251717 -0.00290833 -0.00033933 0.00153654 0.00107189 0.00219664 -0.00327058 0.00200424 0.000664085 -0.00236157 -0.00353539 -0.00113455 -0.00237564 0.00267661 0.00276002 -5.54231e-05 0.0033081 
0.00234425 -0.00217124 -0.00251717 -0.00290833 -0.00033933 0.00153654 0.00107189 0.00219664 -0.00327058 0.00200424 0.000664085 -0.00236157 -0.00353539 -0.00113455 -0.00237564 0.00267661 0.00276002 -5.54231e-05 0.0033081 
0.00234425 -0.00217124 -0.00251717 -0.00290833 -0.00033933 0.00153654 0.00107189 0.00219664 -0.00327058 0.00200424 0.000664085 -0.00236157 -0.00353539 -0.00113455 -0.00237564 0.00267661 0.00276002 -5.54231e-05 0.0033081 
0.00234425 -0.00217124 -0.00251717 -0.00290833 -0.00033933 0.00153654 0.00107189 0.00219664 -0.00327058 0.00200424 0.000664085 -0.00236157 -0.00353539 -0.00113455 -0.00237564 0.00267661 0.00276002 -5.54231e-05 0.0033081 
0.00234425 -0.00217124 -0.00251717 -0.00290833 -0.00033933 0.00153654 0.00107189 0.00219664 -0.00327058 0.00200424 0.000664085 -0.00236157 -0.00353539 -0.00113455 -0.00237564 0.00267661 0.00276002 -5.54231e-05 0.0033081 
0.00234425 -0.00217124 -0.00251717 -0.00290833 -0.00033933 0.00153654 0.00107189 0.00219664 -0.00327058 0.00200424 0.000664085 -0.00236157 -0.00353539 -0.00113455 -0.00237564 0.00267661 0.00276002 -5.54231e-05 0.0033081 
0.00234425 -0.00217124 -0.00251717 -0.00290833 -0.00033933 0.00153654 0.00107189 0.00219664 -0.00327058 0.00200424 0.000664085 -0.00236157 -0.00353539 -0.00113455 -0.00237564 0.00267661 0.00276002 -5.54231e-05 0.0033081 
0.00234425 -0.00217124 -0.00251717 -0.00290833 -0.00033933 0.00153654 0.00107189 0.00219664 -0.00327058 0.00200424 0.000664085 -0.00236157 -0.00353539 -0.00113455 -0.00237564 0.00267661 0.00276002 -5.54231e-05 0.0033081 
0.00234425 -0.00217124 -0.00251717 -0.00290833 -0.00033933 0.00153654 0.00107189 0.00219664 -0.00327058 0.00200424 0.000664085 -0.00236157 -0.00353539 -0.00113455 -0.00237564 0.00267661 0.00276002 -5.54231e-05 0.0033081 
0.00234425 -0.00217124 -0.00251717 -0.00290833 -0.00033933 0.00153654 0.00107189 0.00219664 -0.00327058 0.00200424 0.000664085 -0.00236157 -0.00353539 -0.00113455 -0.00237564 0.00267661 0.00276002 -5.54231e-05 0.0033081 
0.00234425 -0.00217124 -0.00251717 -0.00290833 -0.00033933 0.00153654 0.00107189 0.00219664 -0.00327058 0.00200424 0.000664085 -0.00236157 -0.00353539 -0.00113455 -0.00237564 0.00267661 0.00276002 -5.54231e-05 0.0033081 
0.00234425 -0.00217124 -0.00251717 -0.00290833 -0.00033933 0.00153654 0.00107189 0.00219664 -0.00327058 0.00200424 0.000664085 -0.00236157 -0.00353539 -0.00113455 -0.00237564 0.00267661 0.00276002 -5.54231e-05 0.0033081 
0.00234425 -0.00217124 -0.00251717 -0.00290833 -0.00033933 0.00153654 0.00107189 0.00219664 -0.00327058 0.00200424 0.000664085 -0.00236157 -0.00353539 -0.00113455 -0.00237564 0.00267661 0.00276002 -5.54231e-05 0.0033081 
0.00234425 -0.00217124 -0.00251717 -0.00290833 -0.00033933 0.00153654 0.00107189 0.00219664 -0.00327058 0.00200424 0.000664085 -0.00236157 -0.00353539 -0.00113455 -0.00237564 0.00267661 0.00276002 -5.54231e-05 0.0033081 
0.00234425 -0.00217124 -0.00251717 -0.00290833 -0.00033933 0.00153654 0.00107189 0.00219664 -0.00327058 0.00200424 0.000664085 -0.00236157 -0.00353539 -0.00113455 -0.00237564 0.00267661 0.00276002 -5.54231e-05 0.0033081 
0.00234425 -0.00217124 -0.00251717 -0.00290833 -0.00033933 0.00153654 0.00107189 0.00219664 -0.00327058 0.00200424 0.000664085 -0.00236157 -0.00353539 -0.00113455 -0.00237564 0.00267661 0.00276002 -5.54231e-05 0.0033081 
0.00234425 -0.00217124 -0.00251717 -0.00290833 -0.00033933 0.00153654 0.00107189 0.00219664 -0.00327058 0.00200424 0.000664085 -0.00236157 -0.00353539 -0.00113455 -0.00237564 0.00267661 0.00276002 -5.54231e-05 0.0033081 
0.00234425 -0.00217124 -0.00251717 -0.00290833 -0.00033933 0.00153654 0.00107189 0.00219664 -0.00327058 0.00200424 0.000664085 -0.00236157 -0.00353539 -0.00113455 -0.00237564 0.00267661 0.00276002 -5.54231e-05 0.0033081 
0.00234425 -0.00217124 -0.00251717 -0.00290833 -0.00033933 0.00153654 0.00107189 0.00219664 -0.00327058 0.00200424 0.000664085 -0.00236157 -0.00353539 -0.00113455 -0.00237564 0.00267661 0.00276002 -5.54231e-05 0.0033081 
0.00234425 -0.00217124 -0.00251717 -0.00290833 -0.00033933 0.00153654 0.00107189 0.00219664 -0.00327058 0.00200424 0.000664085 -0.00236157 -0.00353539 -0.00113455 -0.00237564 0.00267661 0.00276002 -5.54231e-05 0.0033081 
0.00234425 -0.00217124 -0.00251717 -0.00290833 -0.00033933 0.00153654 0.00107189 0.00219664 -0.00327058 0.00200424 0.000664085 -0.00236157 -0.00353539 -0.00113455 -0.00237564 0.00267661 0.00276002 -5.54231e-05 0.0033081 
0.00234425 -0.00217124 -0.00251717 -0.00290833 -0.00033933 0.00153654 0.00107189 0.00219664 -0.00327058 0.00200424 0.000664085 -0.00236157 -0.00353539 -0.00113455 -0.00237564 0.00267661 0.00276002 -5.54231e-05 0.0033081 
0.00234425 -0.00217124 -0.00251717 -0.00290833 -0.00033933 0.00153654 0.00107189 0.00219664 -0.00327058 0.00200424 0.000664085 -0.00236157 -0.00353539 -0.00113455 -0.00237564 0.00267661 0.00276002 -5.54231e-05 0.0033081 
0.00234425 -0.00217124 -0.00251717 -0.00290833 -0.00033933 0.00153654 0.00107189 0.00219664 -0.00327058 0.00200424 0.000664085 -0.00236157 -0.00353539 -0.00113455 -0.00237564 0.00267661 0.00276002 -5.54231e-05 0.0033081 
0.00234425 -0.00217124 -0.00251717 -0.00290833 -0.00033933 0.00153654 0.00107189 0.00219664 -0.00327058 0.00200424 0.000664085 -0.00236157 -0.00353539 -0.00113455 -0.00237564 0.00267661 0.00276002 -5.54231e-05 0.0033081 
0.00234425 -0.00217124 -0.00251717 -0.00290833 -0.00033933 0.00153654 0.00107189 0.00219664 -0.00327058 0.00200424 0.000664085 -0.00236157 -0.00353539 -0.00113455 -0.00237564 0.00267661 0.00276002 -5.54231e-05 0.0033081 
0.00234425 -0.00217124 -0.00251717 -0.00290833 -0.00033933 0.00153654 0.00107189 0.00219664 -0.00327058 0.00200424 0.000664085 -0.00236157 -0.00353539 -0.00113455 -0.00237564 0.00267661 0.00276002 -5.54231e-05 0.0033081 
0.00234425 -0.00217124 -0.00251717 -0.00290833 -0.00033933 0.00153654 0.00107189 0.00219664 -0.00327058 0.00200424 0.000664085 -0.00236157 -0.00353539 -0.00113455 -0.00237564 0.00267661 0.00276002 -5.54231e-05 0.0033081 
0.00234425 -0.00217124 -0.00251717 -0.00290833 -0.00033933 0.00153654 0.00107189 0.00219664 -0.00327058 0.00200424 0.000664085 -0.00236157 -0.00353539 -0.00113455 -0.00237564 0.00267661 0.00276002 -5.54231e-05 0.0033081 
0.00234425 -0.00217124 -0.00251717 -0.00290833 -0.00033933 0.00153654 0.00107189 0.00219664 -0.00327058 0.00200424 0.000664085 -0.00236157 -0.00353539 -0.00113455 -0.00237564 0.00267661 0.00276002 -5.54231e-05 0.0033081 
0.00234425 -0.00217124 -0.00251717 -0.00290833 -0.00033933 0.00153654 0.00107189 0.00219664 -0.00327058 0.00200424 0.000664085 -0.00236157 -0.00353539 -0.00113455 -0.00237564 0.00267661 0.00276002 -5.54231e-05 0.0033081 
0.00234425 -0.00217124 -0.00251717 -0.00290833 -0.00033933 0.00153654 0.00107189 0.00219664 -0.00327058 0.00200424 0.000664085 -0.00236157 -0.00353539 -0.00113455 -0.00237564 0.00267661 0.00276002 -5.54231e-05 0.0033081 
0.00234425 -0.00217124 -0.00251717 -0.00290833 -0.00033933 0.00153654 0.00107189 0.00219664 -0.00327058 0.00200424 0.000664085 -0.00236157 -0.00353539 -0.00113455 -0.00237564 0.00267661 0.00276002 -5.54231e-05 0.0033081 
0.00234425 -0.00217124 -0.00251717 -0.00290833 -0.00033933 0.00153654 0.00107189 0.00219664 -0.00327058 0.00200424 0.000664085 -0.00236157 -0.00353539 -0.00113455 -0.00237564 0.00267661 0.00276002 -5.54231e-05 0.0033081 
0.00234425 -0.00217124 -0.00251717 -0.00290833 -0.00033933 0.00153654 0.00107189 0.00219664 -0.00327058 0.00200424 0.000664085 -0.00236157 -0.00353539 -0.00113455 -0.00237564 0.00267661 0.00276002 -5.54231e-05 0.0033081 
0.00234425 -0.00217124 -0.00251717 -0.00290833 -0.00033933 0.00153654 0.00107189 0.00219664 -0.00327058 0.00200424 0.000664085 -0.00236157 -0.00353539 -0.00113455 -0.00237564 0.00267661 0.00276002 -5.54231e-05 0.0033081 
0.00234425 -0.00217124 -0.00251717 -0.00290833 -0.00033933 0.00153654 0.00107189 0.00219664 -0.00327058 0.00200424 0.000664085 -0.00236157 -0.00353539 -0.00113455 -0.00237564 0.00267661 0.00276002 -5.54231e-05 0.0033081 
0.00234425 -0.00217124 -0.00251717 -0.00290833 -0.00033933 0.00153654 0.00107189 0.00219664 -0.00327058 0.00200424 0.000664085 -0.00236157 -0.00353539 -0.00113455 -0.00237564 0.00267661 0.00276002 -5.54231e-05 0.0033081 
0.00234425 -0.00217124 -0.00251717 -0.00290833 -0.00033933 0.00153654 0.00107189 0.00219664 -0.00327058 0.00200424 0.000664085 -0.00236157 -0.00353539 -0.00113455 -0.00237564 0.00267661 0.00276002 -5.54231e-05 0.0033081 
0.00234425 -0.00217124 -0.00251717 -0.00290833 -0.00033933 0.00153654 0.00107189 0.00219664 -0.00327058 0.00200424 0.000664085 -0.00236157 -0.00353539 -0.00113455 -0.00237564 0.00267661 0.00276002 -5.54231e-05 0.0033081 
0.00234425 -0.00217124 -0.00251717 -0.00290833 -0.00033933 0.00153654 0.00107189 0.00219664 -0.00327058 0.00200424 0.000664085 -0.00236157 -0.00353539 -0.00113455 -0.00237564 0.00267661 0.00276002 -5.54231e-05 0.0033081 
0.00234425 -0.00217124 -0.00251717 -0.00290833 -0.00033933 0.00153654 0.00107189 0.00219664 -0.00327058 0.00200424 0.000664085 -0.00236157 -0.00353539 -0.00113455 -0.00237564 0.00267661 0.00276002 -5.54231e-05 0.0033081 
0.00234425 -0.00217124 -0.00251717 -0.00290833 -0.00033933 0.00153654 0.00107189 0.00219664 -0.00327058 0.00200424 0.000664085 -0.00236157 -0.00353539 -0.00113455 -0.00237564 0.00267661 0.00276002 -5.54231e-05 0.0033081 
0.00234425 -0.00217124 -0.00251717 -0.00290833 -0.00033933 0.00153654 0.00107189 0.00219664 -0.00327058 0.00200424 0.000664085 -0.00236157 -0.00353539 -0.00113455 -0.00237564 0.00267661 0.00276002 -5.54231e-05 0.0033081 
