p   muA phi   betawT betav1 betav2 betavT betavwU betavwT VvAIDS Vv   VvTAlpha VwU VwTAlpha VwvUAlpha VwvTAlpha Fw Fv Fvw     
0.0316448 0.942786 0.00839857 -0.0505544 0.0560385 -0.0127129 -0.0404891 0.00333488 0.00701168 0.00127473 0.017055 0.0114007 0.999919 0.00570165 -0.0272842 0.0066134 -0.00623649 -0.0300394 -0.00616438 
0.0161977 0.224271 -0.205179 -0.00338722 0.0297559 -0.0286326 -0.00308687 0.0141508 -0.0285085 0.638757 -0.252509 -0.0144228 0.999028 0.697162 0.103627 -0.00203148 -0.902956 -0.0284577 -0.0288207 
0.0437983 -0.260995 -0.200828 -0.023754 0.0180259 -0.0326698 -0.0109343 0.0212826 -0.0358715 0.659767 -0.239258 0.0180751 0.989156 0.707685 0.100643 0.0248018 -0.897495 -0.0699992 -0.0239675 
0.0571274 -0.319585 -0.217357 0.0111173 0.00774345 -0.0408278 -0.009434 0.027025 -0.0398431 0.702341 -0.249021 0.0462399 0.962579 0.746304 0.0996242 0.0339901 -0.902327 -0.0874872 -0.0242356 
0.0865368 -0.346484 -0.241395 0.0392035 0.00310464 -0.0508082 -0.00390787 0.0226591 -0.056126 0.760402 -0.266143 0.100253 0.922492 0.796739 0.109419 0.0286983 -0.913166 -0.117373 -0.0437365 
0.123273 -0.349453 -0.267855 0.0656929 0.00162641 -0.0543624 -0.000626189 0.016708 -0.0635657 0.812812 -0.279002 0.190108 0.875809 0.841702 0.130923 0.0254617 -0.922545 -0.174888 -0.0671436 
0.16091 -0.334834 -0.287749 0.0873715 -0.000479784 -0.0631093 0.00560542 0.0117169 -0.0709599 0.848747 -0.269794 0.291896 0.821609 0.871931 0.151767 0.0313147 -0.925098 -0.238036 -0.08335 
0.19091 -0.297561 -0.296106 0.109933 -0.000471594 -0.0704185 0.016582 0.0105823 -0.077746 0.870934 -0.246163 0.39665 0.759029 0.890345 0.166087 0.0412093 -0.921569 -0.303887 -0.0969587 
0.215382 -0.253031 -0.302278 0.132291 -0.00810593 -0.0724251 0.0250935 0.00591579 -0.0806611 0.884348 -0.212343 0.492621 0.691615 0.901549 0.172024 0.0510517 -0.912424 -0.360276 -0.105537 
0.235775 -0.206064 -0.305352 0.15654 -0.012029 -0.0681358 0.0295447 0.00475535 -0.0782296 0.891788 -0.172453 0.577554 0.624428 0.907665 0.17681 0.0630542 -0.897573 -0.409817 -0.110515 
0.252465 -0.151649 -0.304057 0.175439 -0.0196401 -0.0682338 0.0292723 0.00377768 -0.0725688 0.896341 -0.124061 0.64395 0.568014 0.911062 0.177179 0.0724897 -0.876986 -0.452319 -0.112149 
0.268652 -0.107331 -0.305189 0.193877 -0.0244837 -0.0608901 0.0285936 0.00571806 -0.068503 0.8973 -0.0704613 0.696884 0.522041 0.912188 0.174576 0.0820343 -0.848749 -0.482215 -0.112014 
0.281702 -0.0611376 -0.30077 0.206237 -0.0294223 -0.0544644 0.0314762 0.00764536 -0.0643402 0.896078 -0.013174 0.738344 0.482721 0.911776 0.173404 0.0900092 -0.812006 -0.507195 -0.11178 
0.294157 -0.0218473 -0.297814 0.21747 -0.0367637 -0.0483204 0.0269435 0.0083203 -0.0592602 0.893789 0.0409076 0.771698 0.452799 0.910164 0.167309 0.0942898 -0.76642 -0.524834 -0.109951 
0.300518 0.00842015 -0.296443 0.22825 -0.0427432 -0.0433865 0.02466 0.0110581 -0.0541629 0.89092 0.0934541 0.797457 0.432746 0.907487 0.157895 0.0979883 -0.713371 -0.54168 -0.110177 
0.308797 0.034482 -0.292879 0.237608 -0.046876 -0.0369704 0.0198724 0.0120849 -0.0507613 0.886911 0.142098 0.81912 0.416753 0.90461 0.148189 0.101189 -0.653396 -0.554354 -0.10502 
0.31564 0.0543978 -0.288207 0.240975 -0.0521721 -0.0301049 0.017306 0.0134257 -0.0469359 0.882103 0.188806 0.836835 0.402586 0.901332 0.139978 0.10467 -0.588877 -0.563531 -0.101898 
0.321691 0.0686908 -0.28414 0.248066 -0.0568277 -0.0267145 0.0148522 0.0158846 -0.0418498 0.876369 0.228695 0.851218 0.391691 0.897261 0.130025 0.108382 -0.520297 -0.570236 -0.0974379 
0.328931 0.0801966 -0.279546 0.252154 -0.0611067 -0.0238344 0.0110468 0.0178989 -0.0395007 0.870315 0.265807 0.862879 0.383106 0.893067 0.124267 0.107256 -0.454201 -0.574145 -0.0955976 
0.334979 0.0890141 -0.275713 0.256878 -0.0640527 -0.0202755 0.00829476 0.0170199 -0.0361856 0.864246 0.299802 0.873548 0.376725 0.888903 0.11487 0.108909 -0.390992 -0.578481 -0.0918783 
0.34131 0.0967765 -0.271049 0.259712 -0.0674493 -0.0171289 0.00656079 0.0155671 -0.033147 0.858295 0.330107 0.883092 0.371694 0.885116 0.105855 0.108985 -0.334538 -0.581616 -0.0878979 
0.348611 0.104209 -0.267358 0.261372 -0.0687559 -0.01661 0.00423982 0.0201751 -0.0303528 0.851647 0.359214 0.89141 0.366398 0.881425 0.0998044 0.110104 -0.28275 -0.583684 -0.0851667 
0.352248 0.106797 -0.263614 0.261248 -0.069895 -0.0161186 0.000487322 0.0218669 -0.0255294 0.845285 0.385598 0.898418 0.362178 0.877694 0.0937407 0.111802 -0.237698 -0.585756 -0.0823573 
0.35651 0.109375 -0.259148 0.262892 -0.0716951 -0.0140076 -0.00342857 0.0204202 -0.0226486 0.839171 0.409643 0.904576 0.36119 0.874458 0.0869646 0.115099 -0.197534 -0.587758 -0.0794509 
0.363313 0.109978 -0.257189 0.263708 -0.0729433 -0.0112987 -0.00339903 0.0221391 -0.0215049 0.832832 0.431191 0.910171 0.359702 0.87123 0.0808794 0.11565 -0.165411 -0.587792 -0.0776684 
0.368742 0.111757 -0.25488 0.263485 -0.0726362 -0.0118368 -0.0029332 0.0234701 -0.0232154 0.82602 0.450968 0.915032 0.35762 0.867883 0.0725619 0.116411 -0.135764 -0.587366 -0.077067 
0.373624 0.112377 -0.252234 0.263822 -0.0737046 -0.0103926 -0.00431203 0.0263281 -0.0204315 0.819758 0.468037 0.919638 0.357603 0.865391 0.0652448 0.11805 -0.109378 -0.586442 -0.0729675 
0.378149 0.113164 -0.248737 0.261489 -0.0736367 -0.0110494 -0.00716495 0.0284914 -0.0203463 0.813367 0.483941 0.923616 0.355937 0.862898 0.060339 0.119607 -0.0888615 -0.585088 -0.0719619 
0.381682 0.112572 -0.245169 0.260083 -0.0745993 -0.0119716 -0.00537606 0.0279515 -0.0188916 0.807385 0.501731 0.927245 0.355659 0.860489 0.0545542 0.122511 -0.0730378 -0.583526 -0.0705474 
0.385948 0.113066 -0.243333 0.25766 -0.0763014 -0.0114732 -0.0058339 0.0297975 -0.0189397 0.800666 0.516325 0.930524 0.356327 0.85814 0.0495272 0.123198 -0.0594448 -0.581067 -0.0689397 
0.390047 0.112196 -0.239687 0.256851 -0.0781464 -0.0109575 -0.00529449 0.0304094 -0.0174069 0.794881 0.530369 0.933687 0.355675 0.856429 0.046603 0.12419 -0.0485513 -0.580154 -0.0678612 
0.395146 0.110516 -0.235404 0.255261 -0.0779411 -0.0117656 -0.00379378 0.0309817 -0.0146985 0.788655 0.543974 0.936257 0.355646 0.854411 0.0415075 0.127273 -0.04067 -0.578498 -0.0670858 
0.39693 0.10941 -0.233004 0.253382 -0.0790946 -0.0127102 -0.0053133 0.0312527 -0.013241 0.782282 0.555368 0.938607 0.354874 0.852412 0.0370197 0.128875 -0.0328734 -0.575806 -0.0662409 
0.399972 0.108343 -0.232995 0.249068 -0.0782877 -0.0114923 -0.00537956 0.0324557 -0.0118085 0.775696 0.566875 0.940938 0.355274 0.850409 0.0329944 0.128914 -0.0243479 -0.572978 -0.0627882 
0.404457 0.109026 -0.231895 0.248283 -0.077926 -0.011243 -0.00446266 0.0320661 -0.0112178 0.769643 0.577458 0.943108 0.355419 0.848787 0.0313598 0.130385 -0.0206822 -0.570797 -0.0602186 
0.407888 0.109623 -0.230556 0.24708 -0.077788 -0.0134728 -0.00350925 0.0321431 -0.00868659 0.763963 0.587171 0.945032 0.356528 0.847356 0.0288007 0.12903 -0.0168137 -0.569151 -0.0591331 
0.411928 0.109348 -0.228147 0.245584 -0.0783987 -0.0139615 -0.00391741 0.0331562 -0.00727068 0.757878 0.596721 0.946777 0.357535 0.845601 0.0265558 0.128698 -0.0127764 -0.56603 -0.0583846 
0.415114 0.10842 -0.225637 0.244174 -0.0780973 -0.0150001 -0.00218039 0.0339914 -0.00766387 0.75224 0.60492 0.948355 0.358278 0.84447 0.0239736 0.129211 -0.0108179 -0.563116 -0.0573398 
0.418178 0.108084 -0.223385 0.243379 -0.0781802 -0.0167813 -0.000350594 0.0333164 -0.00743134 0.746546 0.613653 0.949865 0.357276 0.843103 0.0204568 0.129807 -0.00891411 -0.559565 -0.0568863 
0.421992 0.106452 -0.220485 0.241701 -0.0773613 -0.0170935 0.00047844 0.0331256 -0.00721461 0.740345 0.62051 0.951108 0.35683 0.841523 0.0175547 0.129348 -0.00723698 -0.556204 -0.0557051 
0.425148 0.106238 -0.218196 0.239071 -0.0773619 -0.018465 0.00154807 0.0344564 -0.00519675 0.734786 0.62778 0.952318 0.357189 0.840381 0.0155124 0.128898 -0.00591248 -0.552436 -0.055887 
0.42834 0.105404 -0.216469 0.23615 -0.0779419 -0.0197414 0.00189798 0.0356247 -0.0055052 0.729064 0.635037 0.953463 0.357544 0.83936 0.0130776 0.129036 -0.00446808 -0.54941 -0.0546098 
0.430953 0.105399 -0.213301 0.233347 -0.0786506 -0.0182504 0.00341223 0.0364135 -0.00507034 0.723669 0.64152 0.95453 0.35811 0.838267 0.0105425 0.129479 -0.00457381 -0.545685 -0.0538946 
0.433082 0.104978 -0.210103 0.231672 -0.0765245 -0.0185751 0.00394587 0.0365952 -0.00277933 0.718213 0.647607 0.955562 0.358252 0.837247 0.00827373 0.129281 -0.0043567 -0.542041 -0.0534021 
0.435847 0.104129 -0.20803 0.228742 -0.0758384 -0.0174286 0.00608644 0.0367905 -0.00183271 0.712433 0.653625 0.956429 0.357036 0.836068 0.00695849 0.129308 -0.00480149 -0.537497 -0.0529526 
0.437637 0.103398 -0.204228 0.226327 -0.0745174 -0.0170252 0.0070228 0.0363039 -9.85268e-05 0.706706 0.658687 0.957222 0.357058 0.835004 0.0047168 0.129391 -0.00583963 -0.533842 -0.0520798 
0.440201 0.102461 -0.201384 0.22399 -0.0740045 -0.0170131 0.00881279 0.0360885 -0.000423217 0.701079 0.66402 0.958019 0.357398 0.834248 0.00423813 0.127772 -0.00687701 -0.529892 -0.0509278 
0.442767 0.100939 -0.199373 0.221716 -0.0733755 -0.0185419 0.00964563 0.0375677 -0.000513803 0.695713 0.668881 0.958824 0.357592 0.833506 0.00170034 0.127226 -0.00718999 -0.5267 -0.0515206 
0.445542 0.100667 -0.19611 0.218915 -0.0730048 -0.0167643 0.00885968 0.0368707 -2.04232e-06 0.689861 0.673848 0.959525 0.356078 0.832599 5.69833e-05 0.127445 -0.00797735 -0.521938 -0.0515973 
0.447639 0.0999074 -0.193504 0.216651 -0.0719526 -0.0162016 0.0092379 0.0375531 -0.000838204 0.6852 0.678762 0.960236 0.355871 0.832093 -0.000749799 0.127486 -0.00878101 -0.518347 -0.0517975 
0.449415 0.0992217 -0.192495 0.214955 -0.0714908 -0.0165954 0.00926144 0.0382573 -0.000908012 0.679545 0.6836 0.960876 0.356684 0.831155 -0.00141884 0.128132 -0.00967903 -0.514834 -0.0511699 
0.450643 0.0980677 -0.190783 0.212141 -0.0703255 -0.0162312 0.00973601 0.0377062 -0.00121243 0.674241 0.687588 0.961426 0.356228 0.830247 -0.00275472 0.127009 -0.00934112 -0.510873 -0.051904 
0.452879 0.0978044 -0.188979 0.209343 -0.0691102 -0.0176157 0.0111379 0.0381135 -0.00191542 0.670203 0.691829 0.961954 0.356471 0.829579 -0.00398591 0.126596 -0.0090735 -0.507718 -0.051196 
0.454914 0.0973809 -0.187978 0.206798 -0.0686191 -0.0175979 0.0103751 0.0396277 -0.00223501 0.665183 0.695906 0.962391 0.35714 0.828846 -0.00575322 0.126634 -0.00888539 -0.503804 -0.0521685 
0.456812 0.0961267 -0.185521 0.204474 -0.0676358 -0.0177254 0.0113194 0.0407874 -0.00254482 0.660177 0.698953 0.962823 0.356836 0.827829 -0.00806444 0.12598 -0.00989367 -0.499933 -0.0523606 
0.459015 0.0950661 -0.183957 0.202576 -0.0675533 -0.0187539 0.0123887 0.0411985 -0.00194329 0.655671 0.702867 0.963309 0.356527 0.827261 -0.00884185 0.125539 -0.0107123 -0.496805 -0.0528766 
0.460891 0.0944658 -0.183007 0.199306 -0.0667997 -0.0183582 0.0120546 0.0428829 -0.00082066 0.650822 0.705811 0.96371 0.356836 0.826464 -0.00969545 0.124413 -0.0111543 -0.493448 -0.0526435 
0.462449 0.0940291 -0.180439 0.197778 -0.0664015 -0.0182053 0.0129466 0.042797 -0.000484455 0.645811 0.709193 0.964018 0.357198 0.825658 -0.0110097 0.124463 -0.0127228 -0.489526 -0.0531406 
0.464187 0.0932382 -0.178598 0.19672 -0.0660136 -0.0189811 0.0125146 0.0431041 -0.000295626 0.641052 0.712447 0.964417 0.357518 0.82517 -0.0109091 0.1241 -0.0134099 -0.486146 -0.0526828 
0.465701 0.0928563 -0.177239 0.194358 -0.0647214 -0.0186066 0.0127266 0.0439765 -0.000784429 0.636314 0.715356 0.964769 0.358192 0.824481 -0.0122186 0.12359 -0.0138506 -0.483069 -0.0524673 
0.467836 0.0927142 -0.175559 0.192746 -0.0630181 -0.0181464 0.0128789 0.0434846 -0.0015154 0.631603 0.718152 0.965105 0.358452 0.823867 -0.0144204 0.122535 -0.0147268 -0.480532 -0.053105 
0.469034 0.0917003 -0.173997 0.190577 -0.0621249 -0.0184054 0.0135885 0.0440017 -0.00175342 0.628005 0.720863 0.965359 0.358275 0.82331 -0.0163557 0.121712 -0.0164703 -0.477165 -0.052914 
0.469948 0.0911915 -0.172373 0.187828 -0.0611656 -0.0177725 0.0135097 0.0440642 -0.00228341 0.623674 0.723522 0.965634 0.358289 0.822789 -0.0176924 0.120284 -0.0177591 -0.474434 -0.0526949 
0.471411 0.091758 -0.170651 0.185342 -0.0602872 -0.0182335 0.0143963 0.0446766 -0.00220536 0.618948 0.725687 0.965834 0.358356 0.822154 -0.0179107 0.119948 -0.0185502 -0.471471 -0.0523875 
0.473625 0.0909977 -0.168601 0.184397 -0.0601364 -0.0174844 0.0152208 0.0449067 -0.00217375 0.615531 0.728287 0.966098 0.357886 0.821418 -0.0190706 0.119551 -0.0182932 -0.468371 -0.0526937 
0.474731 0.0903809 -0.166495 0.182212 -0.0593977 -0.017175 0.014903 0.0445899 -0.00216824 0.610974 0.730069 0.966246 0.357147 0.820603 -0.0185547 0.118886 -0.0185371 -0.46511 -0.0521692 
0.475728 0.0897676 -0.165457 0.179617 -0.0583295 -0.0170664 0.0146709 0.0450061 -0.00162094 0.606723 0.732302 0.96641 0.35741 0.81992 -0.0195656 0.117999 -0.0196827 -0.461703 -0.0521565 
0.476825 0.0883872 -0.163356 0.177528 -0.0575777 -0.0167353 0.0154334 0.0447161 -0.00118995 0.602934 0.734089 0.966556 0.356717 0.819195 -0.020011 0.117016 -0.0197768 -0.458044 -0.0524255 
0.47856 0.0879152 -0.161534 0.175417 -0.0573219 -0.0170239 0.0151958 0.0452078 -0.00101425 0.599099 0.735806 0.966714 0.356849 0.818636 -0.0203851 0.115088 -0.0206128 -0.45518 -0.0527568 
0.480306 0.0875965 -0.160241 0.172647 -0.0567514 -0.0168076 0.0147642 0.0457078 -0.00148438 0.595188 0.737232 0.966839 0.356763 0.817927 -0.0213973 0.113942 -0.0209202 -0.45259 -0.0524675 
0.482141 0.0868213 -0.158831 0.171214 -0.0566994 -0.0174651 0.0158753 0.0464431 -0.00106007 0.591362 0.7391 0.966999 0.356427 0.81738 -0.021421 0.113446 -0.0210753 -0.449345 -0.0525942 
0.483519 0.0867046 -0.157603 0.169077 -0.0562175 -0.0175712 0.0163759 0.0468535 -0.00126355 0.5877 0.740983 0.967151 0.356841 0.816957 -0.0231565 0.113074 -0.020842 -0.44663 -0.052578 
0.48486 0.0881224 -0.156422 0.166746 -0.055377 -0.0183556 0.0165453 0.047195 -0.00124489 0.584245 0.742809 0.967304 0.357051 0.816469 -0.0246917 0.111506 -0.0206572 -0.443873 -0.0528283 
0.485935 0.0874899 -0.154716 0.16509 -0.0551023 -0.0184283 0.0170733 0.047663 -0.00145442 0.580506 0.744434 0.967444 0.357045 0.815992 -0.025064 0.111431 -0.0209436 -0.441186 -0.0517518 
0.486895 0.0872972 -0.153717 0.163312 -0.0540665 -0.0181511 0.0177034 0.0476172 -0.000838315 0.576692 0.745929 0.967548 0.356923 0.815361 -0.0259346 0.110571 -0.0217459 -0.438255 -0.0519 
0.488357 0.0865309 -0.152464 0.161884 -0.0533102 -0.0178883 0.017904 0.047726 -0.000359885 0.573297 0.747589 0.967665 0.356805 0.814719 -0.0262512 0.110964 -0.023321 -0.435554 -0.0516179 
0.489913 0.0863577 -0.151758 0.160075 -0.0528016 -0.018419 0.017789 0.0474896 -4.33678e-05 0.570551 0.749341 0.967849 0.357147 0.814596 -0.026509 0.110201 -0.0237609 -0.433551 -0.0519543 
0.49109 0.0855194 -0.150985 0.158495 -0.052154 -0.0188858 0.0184195 0.0474154 0.00111255 0.567367 0.750727 0.967925 0.356471 0.81398 -0.0269838 0.109058 -0.0243476 -0.430833 -0.0522588 
0.492084 0.0846647 -0.149508 0.156332 -0.0517806 -0.0180927 0.0194993 0.0474116 0.00108594 0.564297 0.751988 0.967973 0.356547 0.813384 -0.0273223 0.107738 -0.0250025 -0.428045 -0.0522123 
0.493387 0.0843704 -0.14783 0.153346 -0.050639 -0.0176654 0.0205313 0.0475755 0.00151519 0.560966 0.753357 0.968067 0.356493 0.812904 -0.0272656 0.106922 -0.0256112 -0.425965 -0.0519849 
