    muA     betawT                   VwU VwTAlpha     Fw         
0.942432 -0.0203252 0.999921 -0.0512669 -0.0207423 
0.171211 0.00972568 0.999235 0.726845 -0.920614 
-0.370212 0.0460546 0.991923 0.729502 -0.917815 
-0.432121 0.0856617 0.971801 0.753673 -0.921062 
-0.462482 0.121148 0.946567 0.800316 -0.934903 
-0.493349 0.187315 0.924562 0.849822 -0.948993 
-0.512163 0.267364 0.904715 0.885915 -0.958302 
-0.516613 0.373467 0.885322 0.911957 -0.96445 
-0.51286 0.47987 0.866768 0.929269 -0.968145 
-0.494231 0.573492 0.846537 0.940635 -0.969908 
-0.467785 0.654577 0.826579 0.948028 -0.970208 
-0.430372 0.718845 0.806226 0.952577 -0.969228 
-0.390656 0.767047 0.785473 0.955395 -0.967392 
-0.351726 0.805996 0.765626 0.957302 -0.964961 
-0.31422 0.835499 0.747244 0.958544 -0.961933 
-0.279548 0.860287 0.730085 0.95918 -0.958291 
-0.248427 0.879918 0.713445 0.959304 -0.954156 
-0.218184 0.895656 0.699058 0.959292 -0.949729 
-0.193921 0.908778 0.684925 0.958713 -0.944716 
-0.174817 0.919249 0.671158 0.957925 -0.939562 
-0.15708 0.928048 0.658929 0.956816 -0.933747 
-0.145419 0.935741 0.647747 0.955579 -0.927799 
-0.130528 0.941835 0.634769 0.954036 -0.921879 
-0.119218 0.94736 0.62092 0.952163 -0.915427 
-0.109487 0.95207 0.607848 0.950155 -0.90907 
-0.103514 0.956312 0.596205 0.948069 -0.903184 
-0.097301 0.960125 0.585382 0.945936 -0.897454 
-0.0936211 0.963575 0.572647 0.943682 -0.891638 
-0.0922871 0.966537 0.55968 0.941361 -0.88647 
-0.0891488 0.969149 0.547374 0.938811 -0.881944 
-0.0874806 0.971458 0.533776 0.936088 -0.877456 
-0.0856754 0.973513 0.518931 0.933208 -0.873085 
-0.0850638 0.975413 0.505857 0.930217 -0.869676 
-0.0811069 0.977295 0.489435 0.927412 -0.866772 
-0.0822718 0.978896 0.476803 0.924263 -0.863702 
-0.0845344 0.980254 0.461193 0.920413 -0.861059 
-0.0838594 0.981679 0.446621 0.916869 -0.859151 
-0.0812856 0.982847 0.430224 0.913059 -0.857549 
-0.083184 0.983891 0.411946 0.908572 -0.855573 
-0.0822535 0.984816 0.392709 0.903822 -0.854054 
-0.08357 0.985645 0.374319 0.898546 -0.852939 
-0.0836567 0.986399 0.352366 0.893194 -0.851319 
-0.0856563 0.987047 0.331565 0.887118 -0.850174 
-0.0879495 0.987586 0.306752 0.879008 -0.848163 
-0.0893532 0.988089 0.281508 0.870427 -0.846852 
-0.083412 0.988472 0.257959 0.860905 -0.844497 
-0.0851501 0.988696 0.232167 0.849021 -0.841026 
-0.0797091 0.988267 0.200191 0.828431 -0.830066 
-0.0782648 0.988279 0.173011 0.811633 -0.824496 
-0.0769112 0.988399 0.147069 0.793897 -0.820235 
-0.0688057 0.986664 0.113617 0.749746 -0.794284 
-0.0607805 0.98459 0.0845073 0.69903 -0.765087 
-0.05056 0.980033 0.0610065 0.622087 -0.713907 
-0.0433714 0.974751 0.0435095 0.546525 -0.662498 
-0.0367228 0.969216 0.0285962 0.477799 -0.616347 
-0.0295188 0.960589 0.0168563 0.40236 -0.559234 
-0.0232465 0.950724 0.0113295 0.336254 -0.506793 
-0.0173529 0.934628 0.00832726 0.268683 -0.444806 
-0.0124866 0.91873 0.00732011 0.218988 -0.397758 
-0.00897493 0.897728 0.00755726 0.175015 -0.350389 
-0.00787769 0.877523 0.00786306 0.141827 -0.315608 
-0.00637892 0.851924 0.00968722 0.111986 -0.280562 
-0.00548792 0.829236 0.0105144 0.0905146 -0.254234 
-0.00518279 0.811691 0.0101172 0.0745803 -0.236419 
-0.00479607 0.792065 0.0113668 0.057498 -0.218287 
-0.0041838 0.76752 0.0116465 0.0442373 -0.19996 
-0.00368211 0.75354 0.0105418 0.0344519 -0.189193 
-0.00340603 0.729786 0.010337 0.0254322 -0.175184 
-0.00360377 0.700996 0.0109745 0.017463 -0.160493 
-0.00379917 0.683362 0.010479 0.0109934 -0.151299 
-0.00405775 0.668922 0.0100412 0.0052675 -0.144188 
-0.00451254 0.65768 0.00931822 0.000277723 -0.138646 
-0.0049043 0.640018 0.00955827 -0.00422731 -0.131383 
-0.00499801 0.622436 0.00987179 -0.00831962 -0.124315 
-0.00492942 0.608084 0.00992073 -0.0115647 -0.118934 
-0.00529985 0.589009 0.0102744 -0.0140223 -0.1127 
-0.00564726 0.582688 0.00975994 -0.0172523 -0.110005 
-0.00596394 0.574767 0.00925794 -0.0200284 -0.106959 
-0.00574722 0.557461 0.00996281 -0.0221193 -0.10194 
-0.00578138 0.549609 0.00963165 -0.0246335 -0.0992992 
