    muA     betawT                   VwU VwTAlpha     Fw         
-0.000551327 0.00259856 -0.0032641 -0.00198314 -4.38398e-05 
-0.000870272 -0.00563012 0.00758796 -0.0171739 -0.132103 
0.00124977 0.000968473 -0.0030987 0.00351075 -0.00335988 
-0.00190479 -0.000944283 -0.003218 0.000569421 0.00355664 
-0.00190479 -0.000944283 -0.003218 0.000569421 0.00355664 
-0.00190479 -0.000944283 -0.003218 0.000569421 0.00355664 
0.00337188 0.001446 -0.00313574 0.00262242 -0.00340834 
0.0033188 0.0027154 -0.00242555 0.00344705 -0.00366874 
0.0405606 -0.00329668 -0.00304091 0.00627962 -0.00150975 
0.163096 0.000933045 0.000309249 0.00195693 -0.0176095 
0.0779182 0.0132607 -0.0277977 -0.0491035 -0.17403 
-0.278239 0.11636 -0.0703023 -0.153754 -0.4432 
-0.714175 0.371564 -0.225852 -0.341839 -0.749709 
-0.819843 0.57746 -0.354613 -0.482427 -0.876404 
-0.866194 0.736253 -0.475599 -0.622879 -0.93119 
-0.830264 0.762139 -0.485229 -0.630294 -0.932148 
-0.760225 0.757822 -0.453924 -0.604728 -0.919212 
-0.631222 0.707755 -0.378562 -0.529234 -0.879426 
-0.488174 0.644942 -0.30159 -0.447467 -0.816187 
-0.372536 0.593767 -0.247101 -0.385916 -0.743456 
-0.278153 0.542854 -0.200022 -0.332083 -0.655773 
-0.213343 0.503576 -0.167926 -0.291165 -0.570808 
-0.167396 0.472387 -0.143171 -0.260107 -0.491377 
-0.129211 0.435566 -0.119192 -0.227846 -0.408416 
-0.103416 0.411115 -0.102382 -0.206348 -0.343516 
-0.0842962 0.383335 -0.0857733 -0.186026 -0.283516 
-0.0699721 0.35461 -0.0705042 -0.167227 -0.230396 
-0.0593166 0.336788 -0.0600321 -0.155684 -0.191776 
-0.0502067 0.319948 -0.0513976 -0.145069 -0.159201 
-0.0417778 0.300591 -0.0431656 -0.134543 -0.130674 
-0.0351289 0.281381 -0.0362793 -0.125223 -0.106646 
-0.0291234 0.251958 -0.029163 -0.112372 -0.0829791 
-0.0257447 0.238728 -0.0252963 -0.106994 -0.0696191 
-0.0237168 0.23208 -0.022692 -0.104693 -0.0603656 
-0.021847 0.216198 -0.0194934 -0.0985663 -0.0496921 
-0.0202146 0.20423 -0.0172196 -0.0941978 -0.0419764 
-0.0191621 0.196115 -0.0153861 -0.0912684 -0.0363316 
-0.0182472 0.191853 -0.0140936 -0.0898944 -0.0316897 
-0.0173192 0.187404 -0.0129903 -0.0885313 -0.0278499 
-0.0164741 0.179251 -0.0116717 -0.0855458 -0.0239972 
-0.0157085 0.173971 -0.0104708 -0.0836146 -0.020977 
-0.0151791 0.173179 -0.0099766 -0.0835024 -0.0189292 
-0.0147867 0.170539 -0.00932998 -0.0826704 -0.0169349 
-0.0143959 0.169686 -0.00879264 -0.082508 -0.0155206 
-0.0140672 0.16882 -0.00841043 -0.082359 -0.0140479 
-0.0137871 0.167919 -0.00799488 -0.0822238 -0.0127461 
-0.0135221 0.166142 -0.00743233 -0.0816736 -0.0116143 
-0.0133144 0.163432 -0.00693488 -0.0808399 -0.0105519 
-0.013177 0.162516 -0.00656401 -0.0806561 -0.00972322 
-0.0129943 0.159823 -0.00617696 -0.0797891 -0.00891339 
-0.0127667 0.157174 -0.00585777 -0.0788631 -0.00818491 
-0.0125988 0.155414 -0.00559231 -0.0782628 -0.00758731 
-0.0124611 0.155437 -0.00548279 -0.0782393 -0.00719868 
-0.012395 0.154547 -0.00532214 -0.0779782 -0.00684917 
-0.0121973 0.153654 -0.00511887 -0.0777207 -0.00647834 
-0.0120776 0.15194 -0.00488841 -0.0770417 -0.00606535 
-0.0120391 0.151949 -0.00478482 -0.0770389 -0.00580218 
-0.0119922 0.151076 -0.00462965 -0.0767447 -0.00552275 
-0.0119578 0.151075 -0.00455273 -0.0767529 -0.0053768 
-0.011869 0.151064 -0.00446568 -0.0767892 -0.0051858 
-0.0117611 0.150213 -0.00437708 -0.0764445 -0.00502171 
-0.0117514 0.149342 -0.00426952 -0.0761511 -0.00488909 
-0.0116554 0.149346 -0.00421657 -0.076155 -0.00477251 
-0.0116319 0.149332 -0.00417298 -0.0761891 -0.00465931 
-0.0115973 0.149343 -0.00413552 -0.0761717 -0.00455406 
-0.011508 0.148489 -0.0040568 -0.0758426 -0.00449745 
-0.0114703 0.148493 -0.00403806 -0.075838 -0.00442638 
-0.0114419 0.148492 -0.0040189 -0.0758432 -0.00438091 
-0.0113861 0.147642 -0.00395098 -0.0755107 -0.00431174 
-0.0113538 0.147648 -0.00392862 -0.0755027 -0.00428839 
-0.0112974 0.14764 -0.0038983 -0.0755251 -0.00425208 
-0.0112517 0.147646 -0.00388227 -0.075514 -0.00424461 
-0.0112097 0.147648 -0.00385856 -0.0755117 -0.00420903 
-0.0111752 0.147653 -0.0038687 -0.0755021 -0.00419505 
-0.0111312 0.147652 -0.00386008 -0.0755071 -0.00418618 
-0.0110805 0.147655 -0.00385888 -0.0755031 -0.00417343 
-0.0110615 0.147648 -0.00384232 -0.0755226 -0.00417404 
-0.0110249 0.147656 -0.0038317 -0.0755084 -0.00416796 
-0.011003 0.147658 -0.00381911 -0.0755071 -0.0041444 
-0.0109807 0.147665 -0.00382316 -0.0754926 -0.0041427 
