    muA phi   betawT betav1 betav2 betavT betavwU betavwT VvAIDS Vv   VvTAlpha VwU VwTAlpha VwvUAlpha VwvTAlpha Fw Fv Fvw     
0.935248 -0.0210163 -0.0117154 -0.0231966 0.00590861 -0.0254018 -0.0102891 -0.0115991 -0.0180171 -0.00386556 -0.00481347 0.999912 -0.000583369 -0.0165826 -0.0586751 -0.0218299 -0.0261399 0.00232427 
0.919356 -0.0104308 -0.00683514 -0.0400414 0.0214495 -0.0170354 0.0367361 -0.0152328 -0.0331801 -0.0222895 -0.0135899 0.999909 0.36064 -0.0167222 -0.0620129 -0.691062 -0.0268989 0.00526768 
0.782612 0.00842819 0.000723223 -0.0215254 0.038632 0.00497274 0.0602966 -0.017748 0.00618055 -0.0234458 0.0092419 0.999821 0.696181 -0.0376129 -0.0452308 -0.920983 0.0144525 0.029151 
0.451363 0.00461861 0.0429063 -0.00643268 0.00782845 0.0121534 0.0431078 -0.0192503 -0.0155998 0.00272908 -0.00120502 0.999539 0.769896 -0.0111838 -0.0254045 -0.945874 0.0349211 -0.0210232 
0.163531 0.00208646 0.0882564 -0.00873526 0.0212307 0.0068771 0.0422567 0.00406919 -0.0092459 0.00434201 0.0140979 0.998878 0.769768 -0.0177078 0.00561643 -0.946581 0.0314507 -0.0234924 
0.0177822 -0.0153697 0.124866 -0.00527485 0.0224193 -0.0032776 0.0427358 -0.00728877 -0.0222774 0.000361706 0.0129356 0.997781 0.767682 -0.0131256 -3.89512e-07 -0.946249 0.0235265 -0.00677809 
-0.0401877 -0.0252887 0.147487 -0.00351653 0.0299434 -0.011949 0.0385843 -0.0132566 -0.0275951 -0.00260419 0.0143723 0.996133 0.759986 -0.00717672 0.0100015 -0.944985 0.0238439 -0.0107495 
-0.0595274 -0.0269341 0.182297 0.00608517 0.0422479 -0.00569336 0.0390036 -0.0175264 -0.0356614 0.000513803 0.00749076 0.99387 0.753957 -0.00420225 0.0222084 -0.943412 0.0207762 -0.0127813 
-0.0609028 -0.0263507 0.218255 0.00558137 0.0414131 -0.00410344 0.0368519 -0.0197007 -0.0311016 0.00319528 0.00832541 0.990905 0.746126 -0.0100511 0.0295048 -0.941805 0.0193061 -0.0104877 
-0.0611662 -0.0256526 0.249704 0.00850664 0.0403521 -0.00634519 0.0318123 -0.024025 -0.0313864 0.00256966 0.00898992 0.98733 0.740989 -0.0133568 0.0280142 -0.941458 0.0174344 -0.0129909 
-0.0613828 -0.0246126 0.283665 0.00936082 0.0352772 -0.0020026 0.0259106 -0.0229744 -0.0240538 0.00124409 0.011503 0.983369 0.739305 -0.0200095 0.0263665 -0.942256 0.0130548 -0.0142642 
-0.0556734 -0.0264806 0.324002 0.0123817 0.0366894 -0.0106117 0.0243264 -0.0224505 -0.0271831 0.00192902 0.00889252 0.978931 0.73965 -0.0167725 0.0225195 -0.943638 0.0105328 -0.0105471 
-0.0497673 -0.0269921 0.363546 0.00930745 0.03483 -0.0135684 0.0265372 -0.026973 -0.0282742 -0.00129915 0.0083186 0.97431 0.741374 -0.0167436 0.0156387 -0.945225 0.00864795 -0.00927046 
-0.0415392 -0.0270951 0.404083 0.00636272 0.0318118 -0.0083809 0.02461 -0.0306522 -0.0298322 -0.00129848 0.00844456 0.969453 0.743632 -0.0151059 0.00579643 -0.947311 0.00510214 -0.00830972 
-0.0349921 -0.026828 0.443575 0.0080207 0.0292138 -0.00716226 0.0185871 -0.028658 -0.0296698 -0.000889317 0.00604149 0.964427 0.746723 -0.0189337 -0.00104347 -0.949776 0.00366956 -0.00678702 
-0.0300645 -0.0256061 0.484598 0.00850082 0.0260171 -0.00781347 0.0121747 -0.0307598 -0.0313644 -6.62953e-05 0.00387061 0.959663 0.750671 -0.022832 -0.0029112 -0.952407 0.00334987 -0.00373858 
-0.0252015 -0.0302906 0.525569 0.00597931 0.0248759 -0.00832755 0.00858249 -0.0286671 -0.0316915 0.00129024 0.00208558 0.954986 0.752603 -0.0265754 -0.00868823 -0.954856 0.000466661 0.00281474 
-0.0210874 -0.0315403 0.563445 0.00267741 0.0268801 -0.00752784 0.00343856 -0.0273412 -0.0336018 0.0025697 -0.0015218 0.950328 0.754925 -0.0263303 -0.0138034 -0.957154 0.000426617 0.00260714 
-0.0200551 -0.0342914 0.599167 0.00215944 0.0240044 -0.00696218 0.000366087 -0.029445 -0.0356458 0.00528838 -0.00131741 0.945661 0.75804 -0.0282795 -0.0220556 -0.959221 0.00160901 0.000505693 
-0.0175942 -0.0335701 0.634542 0.00321656 0.0224106 -0.00845176 -0.00299144 -0.0300277 -0.035971 0.00766971 -0.00413133 0.941114 0.761059 -0.031515 -0.0278428 -0.961308 -0.00089654 0.00388792 
-0.0141136 -0.0347878 0.665355 0.00118666 0.0220633 -0.00991618 -0.00275471 -0.029789 -0.0348037 0.0102458 -0.00822992 0.936517 0.762526 -0.0322841 -0.0331231 -0.962972 -0.00333587 0.00531551 
-0.0100059 -0.0355655 0.695055 -0.000399697 0.0200389 -0.00831299 -0.005281 -0.0269029 -0.0353813 0.0152491 -0.00811874 0.932054 0.76431 -0.0333899 -0.0371617 -0.964533 -0.00282489 0.007689 
-0.00959324 -0.0394807 0.719588 -0.00170916 0.0224648 -0.00950651 -0.00991363 -0.0258443 -0.0379005 0.0139563 -0.00785503 0.927316 0.765354 -0.0344744 -0.0400021 -0.965706 -0.00429117 0.0110891 
-0.00906745 -0.0409123 0.742539 -0.00179423 0.0212025 -0.00730818 -0.011083 -0.0255223 -0.0381988 0.0110854 -0.00810191 0.922368 0.765716 -0.0335157 -0.0433641 -0.966863 -0.00394107 0.0119049 
-0.00764105 -0.0437528 0.764735 -0.00369965 0.0199206 -0.00533306 -0.0140921 -0.0246858 -0.0345189 0.0126765 -0.00886784 0.91723 0.765068 -0.0329068 -0.0471373 -0.967931 -0.0064194 0.0119226 
-0.00776049 -0.0424511 0.78276 -0.00590137 0.0186383 -0.00468299 -0.016681 -0.024283 -0.0359855 0.0136803 -0.011455 0.911534 0.762764 -0.0329735 -0.0496052 -0.968595 -0.00842392 0.0136687 
-0.0021852 -0.0435862 0.800206 -0.00948578 0.0149565 -0.00152766 -0.018395 -0.0237244 -0.0360906 0.0122083 -0.0120309 0.906383 0.761399 -0.0327675 -0.0513768 -0.969501 -0.00683377 0.0176311 
-0.0028777 -0.0437948 0.814898 -0.0143664 0.0137925 -4.57452e-05 -0.01884 -0.022088 -0.0367883 0.0140681 -0.0136709 0.900632 0.75765 -0.0324292 -0.0512294 -0.970066 -0.00226498 0.0181334 
-0.00370532 -0.0401512 0.828747 -0.0180159 0.0114917 0.000539518 -0.021407 -0.0177824 -0.0372849 0.0154547 -0.015108 0.895098 0.754714 -0.0322098 -0.0536504 -0.970641 -0.0028954 0.0217294 
-0.00279953 -0.0404528 0.841594 -0.0202268 0.00888633 0.00131377 -0.0204877 -0.0161206 -0.0384782 0.0164336 -0.015568 0.889261 0.751427 -0.0323573 -0.0552674 -0.971117 -0.00398854 0.0242307 
-0.000735553 -0.0416643 0.851929 -0.0193804 0.00553598 0.00284379 -0.0218855 -0.0159991 -0.03811 0.0178196 -0.0177937 0.882461 0.74685 -0.0310284 -0.055379 -0.97136 -0.00404058 0.0272093 
0.000911204 -0.0424761 0.861394 -0.0216934 0.00649319 0.00553487 -0.0229172 -0.0127957 -0.0367127 0.0176871 -0.0184393 0.875769 0.742432 -0.0303315 -0.0552487 -0.971658 -0.005271 0.0283126 
0.000266447 -0.0417669 0.869491 -0.0223709 0.00606519 0.0042517 -0.0221487 -0.0116147 -0.036061 0.0174611 -0.0172153 0.868784 0.736641 -0.0293985 -0.0564588 -0.971841 -0.00601932 0.0320481 
0.00247822 -0.0426062 0.876635 -0.0279256 0.00458037 0.00602831 -0.021168 -0.0112204 -0.0356607 0.0186626 -0.0143398 0.861381 0.730686 -0.0284626 -0.0556656 -0.971888 -0.00570817 0.0320638 
0.0042119 -0.0418712 0.883292 -0.0298267 0.00414862 0.00993942 -0.020978 -0.00770495 -0.0368729 0.0177323 -0.0166432 0.854006 0.72386 -0.0274304 -0.0543295 -0.971926 -0.00598936 0.0357332 
0.00603582 -0.0438962 0.889293 -0.0318637 0.00534896 0.0112835 -0.0210489 -0.00810712 -0.0363323 0.0178581 -0.0169427 0.846129 0.716537 -0.0245466 -0.0527655 -0.971889 -0.00893325 0.0388021 
0.00478063 -0.0432579 0.894701 -0.0364911 0.00611244 0.0134198 -0.0211612 -0.00546626 -0.0346456 0.0198939 -0.0170725 0.838358 0.708877 -0.0246978 -0.0537687 -0.971797 -0.0101904 0.0391939 
0.00563367 -0.043066 0.899358 -0.0378455 0.00508072 0.0148019 -0.0224356 -0.00508618 -0.0344051 0.0190701 -0.0168064 0.830084 0.700069 -0.0220402 -0.0535793 -0.971585 -0.012087 0.0407363 
0.00920894 -0.0446165 0.903968 -0.0365381 0.00499184 0.0168997 -0.0243606 -0.00562083 -0.0350723 0.0188119 -0.0163699 0.821821 0.692311 -0.0204343 -0.0520733 -0.971528 -0.0134312 0.0420368 
0.00948843 -0.0451427 0.908076 -0.038165 0.00479541 0.0166819 -0.0253667 -0.00573868 -0.0363626 0.0198463 -0.0154391 0.81284 0.683061 -0.0187813 -0.0529371 -0.971268 -0.0134153 0.043107 
0.0102205 -0.0454106 0.911699 -0.039267 0.00525445 0.0163922 -0.0246869 -0.00444321 -0.0387967 0.0193018 -0.0148347 0.80442 0.673272 -0.0186122 -0.0529688 -0.971051 -0.0158712 0.0444497 
0.0122051 -0.0447687 0.915068 -0.0383604 0.00622105 0.0157879 -0.0275102 -0.00458744 -0.0395038 0.018163 -0.0150098 0.795769 0.663427 -0.0173857 -0.0532398 -0.970853 -0.0149222 0.0455965 
0.011949 -0.0452106 0.918054 -0.0391158 0.00595818 0.0157586 -0.028548 -0.0036514 -0.040349 0.0167804 -0.0157319 0.7862 0.652254 -0.0158277 -0.052432 -0.970514 -0.0171021 0.0464796 
0.012211 -0.0455511 0.9208 -0.0400222 0.00494974 0.0153126 -0.0281247 -0.00070154 -0.0430538 0.0148615 -0.0152202 0.776584 0.641102 -0.0139222 -0.051953 -0.970136 -0.0173538 0.046878 
0.0128239 -0.0466942 0.923548 -0.0411975 0.0047926 0.017029 -0.027606 0.00206058 -0.0446176 0.0152451 -0.0130483 0.76663 0.630048 -0.0137756 -0.0514062 -0.969833 -0.0186485 0.0465752 
0.0148898 -0.0454788 0.925844 -0.0416339 0.00458612 0.0179972 -0.0270181 0.00184171 -0.044066 0.0148535 -0.0117475 0.756558 0.618194 -0.0136597 -0.049588 -0.969497 -0.0177054 0.0481435 
0.013527 -0.0450337 0.927962 -0.0422822 0.00338531 0.0168 -0.027519 0.00488069 -0.0438892 0.0138216 -0.0114806 0.746489 0.606387 -0.0118829 -0.0482219 -0.969042 -0.0180551 0.049647 
0.0151528 -0.0459705 0.930127 -0.042419 0.00372257 0.0180177 -0.0300198 0.0077684 -0.044957 0.0130333 -0.0113843 0.73718 0.594218 -0.0102645 -0.0465753 -0.968734 -0.0196716 0.0512789 
0.0146464 -0.0467395 0.93242 -0.0431547 0.00180058 0.0192706 -0.0306061 0.00923722 -0.0446513 0.0148161 -0.0114013 0.727361 0.582624 -0.0101108 -0.0466726 -0.968493 -0.0195823 0.054173 
0.0160831 -0.0455315 0.934486 -0.0439447 0.00300195 0.0199838 -0.0307363 0.00941152 -0.0444564 0.0153635 -0.0115118 0.71698 0.569784 -0.00974971 -0.0453706 -0.968201 -0.0204616 0.0549666 
0.0183084 -0.0457968 0.93622 -0.0441552 0.00276483 0.0186351 -0.0315783 0.00916479 -0.04465 0.0156806 -0.0116179 0.70616 0.556201 -0.00800873 -0.0426086 -0.967757 -0.02081 0.0536633 
0.018415 -0.0458178 0.937869 -0.0436831 0.00279494 0.0198118 -0.0331201 0.0103287 -0.0445591 0.0159271 -0.0132605 0.696206 0.542597 -0.00761883 -0.0432628 -0.967385 -0.0199144 0.052511 
0.0185536 -0.0449137 0.939677 -0.0429322 0.00258942 0.0178108 -0.0336672 0.0102873 -0.0459939 0.0155693 -0.0131406 0.685988 0.528715 -0.0073476 -0.0434049 -0.967119 -0.0213405 0.0530743 
0.0177165 -0.0451349 0.941195 -0.0448193 0.00148296 0.0180909 -0.0335726 0.00984105 -0.0459152 0.016875 -0.0131944 0.674581 0.514144 -0.00781857 -0.0425748 -0.966684 -0.0232958 0.0531602 
0.0208868 -0.0452062 0.942574 -0.0448079 0.00188856 0.0174224 -0.0331771 0.00947032 -0.0459748 0.016357 -0.0124628 0.664653 0.500367 -0.00826883 -0.0428049 -0.966327 -0.0243292 0.0532135 
0.021941 -0.0454102 0.94403 -0.0449907 0.00100624 0.0179892 -0.0325913 0.011081 -0.0449535 0.0140844 -0.0124811 0.655151 0.487413 -0.00640722 -0.0402584 -0.966037 -0.0240194 0.0525152 
0.0238486 -0.0460116 0.945281 -0.0463504 -0.000150741 0.0195376 -0.0329113 0.0119959 -0.0452279 0.0119214 -0.0129143 0.645709 0.471335 -0.00639411 -0.0397745 -0.965643 -0.0245285 0.053902 
0.0252137 -0.0455865 0.946442 -0.0464505 -0.00174364 0.0209605 -0.0324541 0.011846 -0.044207 0.0117975 -0.0117019 0.635251 0.456596 -0.00686566 -0.0384847 -0.965206 -0.0253266 0.055147 
0.0278356 -0.0449083 0.947439 -0.0484162 -0.00158639 0.0212116 -0.0307282 0.0128459 -0.0450388 0.0110979 -0.0107236 0.623969 0.441338 -0.00766429 -0.0387381 -0.96466 -0.0249624 0.0544162 
0.026837 -0.0448333 0.948418 -0.0496695 -0.00149273 0.02075 -0.030971 0.0131746 -0.0449437 0.0112013 -0.0106589 0.612229 0.425227 -0.0072048 -0.0378259 -0.964041 -0.0248785 0.054119 
0.0275531 -0.0439386 0.949402 -0.0500574 -0.000121784 0.0203891 -0.0308809 0.0136359 -0.0439648 0.0106572 -0.0111972 0.601553 0.410007 -0.0068155 -0.0367655 -0.963591 -0.025629 0.0515307 
0.0277868 -0.0441402 0.950321 -0.0516822 -0.00193119 0.0208377 -0.030912 0.0140369 -0.042864 0.00970664 -0.0118458 0.590786 0.3939 -0.00652999 -0.0375326 -0.963093 -0.0273114 0.0527417 
0.0279979 -0.0442735 0.951302 -0.0526037 -0.0013887 0.0211335 -0.0315603 0.0152693 -0.0424702 0.00995186 -0.010669 0.580294 0.378246 -0.00551539 -0.0377708 -0.962699 -0.0264876 0.0546519 
0.027636 -0.0427844 0.952073 -0.052287 -0.00108021 0.0206771 -0.0309447 0.0161874 -0.0435797 0.0098824 -0.0107007 0.568518 0.361513 -0.00554735 -0.0379591 -0.962145 -0.0277399 0.0546267 
0.0283752 -0.041034 0.952819 -0.0524495 0.000293558 0.0209281 -0.0323223 0.0175783 -0.0438696 0.00872171 -0.0103688 0.557575 0.344441 -0.00580622 -0.0384126 -0.961621 -0.0278695 0.0565314 
0.0298553 -0.0412357 0.953697 -0.053169 -0.000369081 0.0200753 -0.0315536 0.0177679 -0.0448995 0.008175 -0.0112267 0.546567 0.328236 -0.00542574 -0.0379726 -0.961152 -0.0290088 0.0560232 
0.0301792 -0.0406142 0.954465 -0.0511667 0.000654117 0.021146 -0.0299826 0.0194598 -0.0465314 0.00709393 -0.00979151 0.534754 0.310978 -0.00393079 -0.0371284 -0.96064 -0.0301047 0.057761 
0.0291476 -0.0398743 0.955123 -0.0510098 0.000974837 0.0209744 -0.0296144 0.0201637 -0.0463415 0.00659575 -0.00877907 0.525163 0.295155 -0.00492975 -0.0372043 -0.960187 -0.031275 0.0568387 
0.0287446 -0.0388241 0.955858 -0.0517302 0.00114248 0.0202255 -0.0296956 0.02048 -0.047132 0.00662509 -0.00754657 0.51478 0.277344 -0.00442803 -0.0354053 -0.959678 -0.0318088 0.0574318 
0.0280029 -0.0394926 0.95658 -0.052786 0.0025439 0.0196623 -0.0304925 0.020306 -0.0473779 0.00829462 -0.00767007 0.504664 0.260806 -0.00459774 -0.0361987 -0.959236 -0.0329531 0.0561868 
0.0280293 -0.03907 0.957201 -0.0521584 0.00220531 0.0196832 -0.0308519 0.0197472 -0.0472044 0.0074746 -0.00608093 0.495379 0.245224 -0.00522167 -0.0356146 -0.958778 -0.0342075 0.0573322 
0.0271549 -0.0392052 0.957862 -0.0517515 0.00218958 0.0188788 -0.0302257 0.0198285 -0.0495832 0.00846249 -0.00618091 0.485791 0.229967 -0.00648869 -0.0368663 -0.958343 -0.034923 0.0557601 
0.026605 -0.0395217 0.958482 -0.0513625 0.00181884 0.0188689 -0.0301457 0.020128 -0.0504823 0.00899787 -0.00573136 0.476136 0.213365 -0.00623935 -0.03539 -0.957864 -0.0351199 0.0558062 
0.0274856 -0.0389724 0.959 -0.0508964 0.00222034 0.0172844 -0.0303171 0.019898 -0.0508484 0.00948413 -0.00447562 0.465142 0.195894 -0.00525762 -0.0351623 -0.957301 -0.0351668 0.0552662 
0.0262746 -0.0392098 0.959481 -0.0501851 0.00214902 0.0169561 -0.0301917 0.0211685 -0.0514665 0.00864944 -0.00358162 0.453916 0.178356 -0.00485489 -0.0336583 -0.956735 -0.0360622 0.0566561 
0.0272379 -0.038964 0.960016 -0.0503787 0.00131034 0.0175692 -0.0298825 0.0223951 -0.0504268 0.0100948 -0.00253884 0.443101 0.16125 -0.00488981 -0.0350857 -0.956181 -0.0357034 0.0574009 
0.0283062 -0.0388468 0.960546 -0.0499894 0.00247648 0.0171641 -0.0293382 0.0231777 -0.0500433 0.00950689 -0.00121937 0.433609 0.146532 -0.00611487 -0.0350942 -0.955753 -0.0364561 0.05734 
0.028117 -0.0399856 0.960957 -0.0486291 0.0030083 0.0183535 -0.0311967 0.0237305 -0.0496778 0.0103095 0.000148813 0.422548 0.129871 -0.00518994 -0.0347545 -0.955176 -0.0376065 0.0576292 
0.0277361 -0.0403291 0.961441 -0.0490573 0.00404095 0.0179689 -0.0322469 0.0237796 -0.0501673 0.0105075 0.000344577 0.412921 0.111413 -0.00532436 -0.0348905 -0.954606 -0.0375915 0.0564891 
0.0277333 -0.0398338 0.961844 -0.0476754 0.00494631 0.0163637 -0.032857 0.0239306 -0.0501344 0.0101637 -0.000107237 0.402942 0.0955958 -0.00518531 -0.0344667 -0.954104 -0.0379732 0.0561329 
