    muA     betawT                   VwU VwTAlpha     Fw Fv Fvw     
0.00155215 0.00205473 -0.000359463 -0.00201995 -0.00318491 -0.00345815 -0.00356753 
0.0027379 -0.00141196 -0.000202877 -0.000952954 0.0011094 0.00263383 0.00347169 
0.0027379 -0.00141196 -0.000202877 -0.000952954 0.0011094 0.00263383 0.00347169 
0.0027379 -0.00141196 -0.000202877 -0.000952954 0.0011094 0.00263383 0.00347169 
0.0027379 -0.00141196 -0.000202877 -0.000952954 0.0011094 0.00263383 0.00347169 
0.0027379 -0.00141196 -0.000202877 -0.000952954 0.0011094 0.00263383 0.00347169 
0.0027379 -0.00141196 -0.000202877 -0.000952954 0.0011094 0.00263383 0.00347169 
0.0027379 -0.00141196 -0.000202877 -0.000952954 0.0011094 0.00263383 0.00347169 
0.0027379 -0.00141196 -0.000202877 -0.000952954 0.0011094 0.00263383 0.00347169 
0.0027379 -0.00141196 -0.000202877 -0.000952954 0.0011094 0.00263383 0.00347169 
0.0027379 -0.00141196 -0.000202877 -0.000952954 0.0011094 0.00263383 0.00347169 
0.0027379 -0.00141196 -0.000202877 -0.000952954 0.0011094 0.00263383 0.00347169 
0.0027379 -0.00141196 -0.000202877 -0.000952954 0.0011094 0.00263383 0.00347169 
0.0027379 -0.00141196 -0.000202877 -0.000952954 0.0011094 0.00263383 0.00347169 
0.0027379 -0.00141196 -0.000202877 -0.000952954 0.0011094 0.00263383 0.00347169 
0.0027379 -0.00141196 -0.000202877 -0.000952954 0.0011094 0.00263383 0.00347169 
0.0027379 -0.00141196 -0.000202877 -0.000952954 0.0011094 0.00263383 0.00347169 
0.0027379 -0.00141196 -0.000202877 -0.000952954 0.0011094 0.00263383 0.00347169 
0.0027379 -0.00141196 -0.000202877 -0.000952954 0.0011094 0.00263383 0.00347169 
0.0027379 -0.00141196 -0.000202877 -0.000952954 0.0011094 0.00263383 0.00347169 
0.0027379 -0.00141196 -0.000202877 -0.000952954 0.0011094 0.00263383 0.00347169 
0.0027379 -0.00141196 -0.000202877 -0.000952954 0.0011094 0.00263383 0.00347169 
0.0027379 -0.00141196 -0.000202877 -0.000952954 0.0011094 0.00263383 0.00347169 
0.0027379 -0.00141196 -0.000202877 -0.000952954 0.0011094 0.00263383 0.00347169 
0.0027379 -0.00141196 -0.000202877 -0.000952954 0.0011094 0.00263383 0.00347169 
0.0027379 -0.00141196 -0.000202877 -0.000952954 0.0011094 0.00263383 0.00347169 
0.0027379 -0.00141196 -0.000202877 -0.000952954 0.0011094 0.00263383 0.00347169 
0.0027379 -0.00141196 -0.000202877 -0.000952954 0.0011094 0.00263383 0.00347169 
0.0027379 -0.00141196 -0.000202877 -0.000952954 0.0011094 0.00263383 0.00347169 
0.0027379 -0.00141196 -0.000202877 -0.000952954 0.0011094 0.00263383 0.00347169 
0.0027379 -0.00141196 -0.000202877 -0.000952954 0.0011094 0.00263383 0.00347169 
0.0027379 -0.00141196 -0.000202877 -0.000952954 0.0011094 0.00263383 0.00347169 
0.0027379 -0.00141196 -0.000202877 -0.000952954 0.0011094 0.00263383 0.00347169 
0.0027379 -0.00141196 -0.000202877 -0.000952954 0.0011094 0.00263383 0.00347169 
0.0027379 -0.00141196 -0.000202877 -0.000952954 0.0011094 0.00263383 0.00347169 
0.0027379 -0.00141196 -0.000202877 -0.000952954 0.0011094 0.00263383 0.00347169 
0.0027379 -0.00141196 -0.000202877 -0.000952954 0.0011094 0.00263383 0.00347169 
0.0027379 -0.00141196 -0.000202877 -0.000952954 0.0011094 0.00263383 0.00347169 
0.0027379 -0.00141196 -0.000202877 -0.000952954 0.0011094 0.00263383 0.00347169 
0.0027379 -0.00141196 -0.000202877 -0.000952954 0.0011094 0.00263383 0.00347169 
0.0027379 -0.00141196 -0.000202877 -0.000952954 0.0011094 0.00263383 0.00347169 
0.0027379 -0.00141196 -0.000202877 -0.000952954 0.0011094 0.00263383 0.00347169 
0.0027379 -0.00141196 -0.000202877 -0.000952954 0.0011094 0.00263383 0.00347169 
0.0027379 -0.00141196 -0.000202877 -0.000952954 0.0011094 0.00263383 0.00347169 
0.0027379 -0.00141196 -0.000202877 -0.000952954 0.0011094 0.00263383 0.00347169 
0.0027379 -0.00141196 -0.000202877 -0.000952954 0.0011094 0.00263383 0.00347169 
0.0027379 -0.00141196 -0.000202877 -0.000952954 0.0011094 0.00263383 0.00347169 
0.0027379 -0.00141196 -0.000202877 -0.000952954 0.0011094 0.00263383 0.00347169 
0.0027379 -0.00141196 -0.000202877 -0.000952954 0.0011094 0.00263383 0.00347169 
0.0027379 -0.00141196 -0.000202877 -0.000952954 0.0011094 0.00263383 0.00347169 
0.0027379 -0.00141196 -0.000202877 -0.000952954 0.0011094 0.00263383 0.00347169 
0.0027379 -0.00141196 -0.000202877 -0.000952954 0.0011094 0.00263383 0.00347169 
0.0027379 -0.00141196 -0.000202877 -0.000952954 0.0011094 0.00263383 0.00347169 
0.0027379 -0.00141196 -0.000202877 -0.000952954 0.0011094 0.00263383 0.00347169 
0.0027379 -0.00141196 -0.000202877 -0.000952954 0.0011094 0.00263383 0.00347169 
0.0027379 -0.00141196 -0.000202877 -0.000952954 0.0011094 0.00263383 0.00347169 
0.0027379 -0.00141196 -0.000202877 -0.000952954 0.0011094 0.00263383 0.00347169 
0.0027379 -0.00141196 -0.000202877 -0.000952954 0.0011094 0.00263383 0.00347169 
0.0027379 -0.00141196 -0.000202877 -0.000952954 0.0011094 0.00263383 0.00347169 
0.0027379 -0.00141196 -0.000202877 -0.000952954 0.0011094 0.00263383 0.00347169 
0.0027379 -0.00141196 -0.000202877 -0.000952954 0.0011094 0.00263383 0.00347169 
0.0027379 -0.00141196 -0.000202877 -0.000952954 0.0011094 0.00263383 0.00347169 
0.0027379 -0.00141196 -0.000202877 -0.000952954 0.0011094 0.00263383 0.00347169 
0.0027379 -0.00141196 -0.000202877 -0.000952954 0.0011094 0.00263383 0.00347169 
0.0027379 -0.00141196 -0.000202877 -0.000952954 0.0011094 0.00263383 0.00347169 
0.0027379 -0.00141196 -0.000202877 -0.000952954 0.0011094 0.00263383 0.00347169 
0.0027379 -0.00141196 -0.000202877 -0.000952954 0.0011094 0.00263383 0.00347169 
0.0027379 -0.00141196 -0.000202877 -0.000952954 0.0011094 0.00263383 0.00347169 
0.0027379 -0.00141196 -0.000202877 -0.000952954 0.0011094 0.00263383 0.00347169 
0.0027379 -0.00141196 -0.000202877 -0.000952954 0.0011094 0.00263383 0.00347169 
0.0027379 -0.00141196 -0.000202877 -0.000952954 0.0011094 0.00263383 0.00347169 
0.0027379 -0.00141196 -0.000202877 -0.000952954 0.0011094 0.00263383 0.00347169 
0.0027379 -0.00141196 -0.000202877 -0.000952954 0.0011094 0.00263383 0.00347169 
0.0027379 -0.00141196 -0.000202877 -0.000952954 0.0011094 0.00263383 0.00347169 
0.0027379 -0.00141196 -0.000202877 -0.000952954 0.0011094 0.00263383 0.00347169 
0.0027379 -0.00141196 -0.000202877 -0.000952954 0.0011094 0.00263383 0.00347169 
0.0027379 -0.00141196 -0.000202877 -0.000952954 0.0011094 0.00263383 0.00347169 
0.0027379 -0.00141196 -0.000202877 -0.000952954 0.0011094 0.00263383 0.00347169 
0.0027379 -0.00141196 -0.000202877 -0.000952954 0.0011094 0.00263383 0.00347169 
0.0027379 -0.00141196 -0.000202877 -0.000952954 0.0011094 0.00263383 0.00347169 
