p   muA phi   betawT betav1 betav2 betavT betavwU betavwT VvAIDS Vv   VvTAlpha VwU VwTAlpha VwvUAlpha VwvTAlpha SIGMAw SIGMAv SIGMAvw     
-0.0439136 0.94797 -0.0496393 0.0314795 -0.0298184 -0.00462037 0.00926362 0.0648597 -0.0253173 -0.0173412 -0.0419367 -0.0133 0.999928 0.027528 0.0256987 0.00218521 -0.0286082 0.0301148 -0.00415026 
0.0772166 0.859995 -0.346649 0.00844399 0.0527014 0.0160537 0.0464756 0.0315353 0.0246465 0.868617 -0.479179 0.0136273 0.999781 0.259121 0.371612 -0.0299406 -0.52588 -0.00145054 -0.0104219 
0.105485 0.475829 -0.400092 0.0398747 0.0420055 0.0057253 0.0604081 0.0208635 0.049663 0.905765 -0.537596 0.0301253 0.998181 0.316382 0.418569 -0.00256686 -0.584562 -0.00678424 -0.0569862 
0.115793 0.265488 -0.411799 0.0587068 0.0384221 -0.00924664 0.0807143 0.00874079 0.0289107 0.909721 -0.532331 0.0226529 0.99289 0.321193 0.406756 -0.000828187 -0.580602 -0.0116398 -0.0610022 
0.122484 0.17052 -0.407242 0.073287 0.0491501 -0.00441166 0.0745593 0.000199673 0.0215872 0.914471 -0.525376 0.0155729 0.981668 0.331985 0.417777 -0.00712442 -0.578281 -0.0298841 -0.0668326 
0.146156 0.125263 -0.422363 0.0823325 0.0640907 -0.00374633 0.0674535 -0.00382172 0.0118216 0.927727 -0.532938 0.0340691 0.966589 0.352661 0.44564 -0.0333111 -0.596177 -0.0503718 -0.0622615 
0.171866 0.102816 -0.449749 0.0859841 0.0633726 -0.00471686 0.0583954 -0.00843452 -0.0033718 0.941544 -0.547655 0.0609056 0.948471 0.383767 0.481244 -0.0427452 -0.629102 -0.0769669 -0.0560453 
0.199087 0.0923073 -0.48171 0.0898589 0.0510911 -0.0133973 0.041713 -0.00628817 -0.0170756 0.95312 -0.56678 0.0869209 0.92817 0.419966 0.51126 -0.0443484 -0.66205 -0.100572 -0.0482167 
0.229265 0.0816234 -0.520557 0.0898055 0.0469166 -0.0250697 0.0294079 -0.00117567 -0.0311797 0.96223 -0.588795 0.116046 0.906722 0.459557 0.537662 -0.0357027 -0.693818 -0.125917 -0.0470972 
0.260996 0.0777366 -0.555454 0.0980584 0.0416388 -0.0381888 0.0214746 0.00335627 -0.0406287 0.968662 -0.609982 0.149131 0.882224 0.491317 0.553984 -0.0317556 -0.718085 -0.153017 -0.0452259 
0.287188 0.0753512 -0.584131 0.103185 0.0335795 -0.0481857 0.0167184 0.009436 -0.043163 0.97316 -0.627331 0.180261 0.852882 0.518822 0.567149 -0.0252213 -0.736401 -0.180453 -0.0497691 
0.314979 0.0820342 -0.609756 0.11039 0.0278548 -0.0517408 0.00902606 0.0140427 -0.0565222 0.97643 -0.637954 0.213436 0.818053 0.545285 0.578988 -0.016256 -0.748694 -0.205757 -0.0538978 
0.340105 0.080939 -0.628994 0.119409 0.0258459 -0.0562604 0.00983982 0.0210448 -0.0615092 0.97881 -0.647297 0.244316 0.776907 0.566242 0.585654 -0.0102348 -0.758182 -0.23391 -0.059201 
0.365957 0.0852859 -0.644766 0.128009 0.0246371 -0.0629506 0.0114009 0.0239021 -0.0675296 0.9806 -0.65056 0.281041 0.730437 0.584542 0.589109 -0.00113756 -0.763134 -0.257771 -0.0642 
0.387305 0.0916532 -0.657811 0.133231 0.0217288 -0.0634432 0.00780355 0.0307735 -0.0665531 0.981995 -0.653741 0.312253 0.678717 0.597286 0.590234 0.00252243 -0.765928 -0.282877 -0.067532 
0.410616 0.0977575 -0.667835 0.140334 0.0223114 -0.0632257 0.00440651 0.0370605 -0.0672743 0.983145 -0.653451 0.345827 0.621545 0.611283 0.592538 0.0105386 -0.766892 -0.306861 -0.0709349 
0.433333 0.102508 -0.676084 0.144321 0.022441 -0.060796 0.00651357 0.0441124 -0.067402 0.984063 -0.65059 0.378287 0.565053 0.622467 0.591958 0.0128907 -0.765041 -0.331201 -0.0752398 
0.45368 0.102856 -0.682897 0.149331 0.0191638 -0.0597539 0.001813 0.0465861 -0.0702313 0.984776 -0.645033 0.412589 0.501437 0.63105 0.589056 0.0155428 -0.761504 -0.355261 -0.0774078 
0.476508 0.104151 -0.688099 0.153889 0.0197606 -0.0599632 0.00407285 0.0493361 -0.0700633 0.985389 -0.638065 0.44442 0.439301 0.639294 0.585474 0.0228192 -0.757871 -0.381291 -0.0848101 
0.496848 0.104904 -0.692716 0.159818 0.0225379 -0.0599001 0.00386618 0.0532776 -0.0694386 0.985893 -0.630136 0.476208 0.380498 0.646985 0.579944 0.0283301 -0.751932 -0.40279 -0.0862265 
0.512623 0.10426 -0.695649 0.161919 0.0260554 -0.0612902 0.00333046 0.0568399 -0.0657595 0.986288 -0.621557 0.505263 0.322361 0.653628 0.574109 0.0342603 -0.745502 -0.422575 -0.0902633 
0.530902 0.106038 -0.698428 0.165711 0.026779 -0.0614116 0.000303239 0.0615297 -0.0656832 0.986652 -0.610914 0.534943 0.267634 0.658381 0.56676 0.041024 -0.737819 -0.444021 -0.0932035 
0.545041 0.103825 -0.699364 0.166787 0.0275088 -0.0568885 -0.00213446 0.0631165 -0.0662713 0.986866 -0.595986 0.559979 0.214797 0.662266 0.557645 0.0481371 -0.727307 -0.464825 -0.0949648 
0.560814 0.103128 -0.700251 0.169531 0.0296279 -0.0581647 0.00138069 0.0633037 -0.0663116 0.987075 -0.582118 0.585757 0.167659 0.665776 0.549265 0.0547559 -0.717296 -0.484989 -0.0945584 
0.573931 0.101582 -0.700439 0.172782 0.0317948 -0.0558005 0.00320834 0.0629882 -0.0641513 0.987175 -0.565225 0.608443 0.125178 0.668342 0.537557 0.0607092 -0.706422 -0.500273 -0.0943134 
0.585816 0.100209 -0.699027 0.175791 0.0290057 -0.0521376 0.00264124 0.0639614 -0.0627193 0.987234 -0.545593 0.630496 0.0828301 0.670855 0.525286 0.0647112 -0.693869 -0.516539 -0.0950263 
0.596264 0.0959211 -0.698625 0.176647 0.0314774 -0.0480713 0.00653197 0.0659536 -0.0593225 0.98728 -0.522838 0.652367 0.0459523 0.672759 0.514464 0.0696873 -0.679083 -0.531647 -0.0967438 
0.606684 0.0956484 -0.696897 0.17975 0.0337739 -0.0484762 0.0116258 0.0679552 -0.0576004 0.987374 -0.500773 0.670655 0.015493 0.674878 0.50424 0.0733958 -0.666432 -0.547028 -0.0961449 
0.614139 0.0918394 -0.692739 0.181233 0.0353998 -0.0437844 0.0112782 0.0709008 -0.0555154 0.987253 -0.474073 0.685679 -0.0123498 0.674018 0.489301 0.07915 -0.650632 -0.557675 -0.0977197 
0.621847 0.0887666 -0.689074 0.182368 0.0371856 -0.0420614 0.0125239 0.0707041 -0.051023 0.987116 -0.449147 0.69877 -0.0346856 0.672899 0.473501 0.0817288 -0.633226 -0.56852 -0.0983079 
0.629524 0.0843618 -0.684587 0.184383 0.0408157 -0.0406356 0.0144513 0.0704345 -0.0471051 0.986944 -0.419841 0.710467 -0.0578643 0.67071 0.459227 0.0848195 -0.615727 -0.579297 -0.0973066 
0.636942 0.0827407 -0.680059 0.188341 0.0428949 -0.0359417 0.0165989 0.0709273 -0.0441451 0.986818 -0.3891 0.722358 -0.0776427 0.669744 0.443057 0.0902993 -0.598114 -0.588978 -0.0948102 
0.643353 0.0809143 -0.675168 0.189624 0.0423195 -0.0352792 0.0149306 0.0725086 -0.0437546 0.986651 -0.355403 0.734271 -0.0934287 0.668585 0.42953 0.0920298 -0.578031 -0.597222 -0.0925991 
0.647266 0.0775973 -0.668289 0.187564 0.0445856 -0.0317337 0.0163852 0.0721605 -0.0417255 0.986336 -0.324121 0.742523 -0.106179 0.665583 0.413539 0.0950215 -0.558118 -0.604335 -0.0932657 
0.650277 0.0770555 -0.660868 0.187734 0.0455166 -0.0296313 0.0172439 0.0732235 -0.0391447 0.985986 -0.29139 0.750302 -0.118839 0.662998 0.394281 0.0976229 -0.537936 -0.61095 -0.0886773 
0.654241 0.0762909 -0.655174 0.188532 0.0496392 -0.0276586 0.0181808 0.073657 -0.0368869 0.985719 -0.256247 0.759638 -0.128627 0.660506 0.377141 0.0985124 -0.516944 -0.617757 -0.0855484 
0.658727 0.0720338 -0.648593 0.187027 0.0489222 -0.0249581 0.0206887 0.0761024 -0.0332103 0.985391 -0.22196 0.767351 -0.135891 0.658121 0.360007 0.099503 -0.496284 -0.62333 -0.0828775 
0.660857 0.0695648 -0.641415 0.184653 0.049563 -0.0229659 0.0221129 0.0755716 -0.0294945 0.984958 -0.187846 0.772684 -0.137717 0.654828 0.343218 0.10075 -0.476643 -0.628629 -0.0831773 
0.660985 0.0656825 -0.63432 0.183434 0.05161 -0.020887 0.0226494 0.0746291 -0.0300065 0.984459 -0.151051 0.778049 -0.141615 0.651273 0.327014 0.100452 -0.454772 -0.632889 -0.0812079 
0.662362 0.06408 -0.626361 0.182892 0.0524315 -0.0198466 0.021842 0.0760732 -0.0277677 0.984054 -0.117288 0.783388 -0.145754 0.647222 0.312357 0.101186 -0.432718 -0.637105 -0.0782855 
0.662751 0.0614393 -0.617994 0.182168 0.0519281 -0.0177147 0.0215492 0.0763939 -0.0250352 0.983566 -0.0826237 0.78883 -0.147652 0.642746 0.29715 0.100679 -0.410407 -0.639838 -0.074168 
0.662974 0.0588194 -0.609725 0.181337 0.0517187 -0.0154426 0.0231319 0.0766455 -0.0233804 0.98298 -0.0473777 0.792674 -0.147591 0.638375 0.283096 0.100188 -0.389754 -0.642154 -0.0721705 
0.664477 0.05408 -0.602515 0.180821 0.0532213 -0.0153483 0.0216777 0.0759102 -0.0212699 0.982476 -0.015558 0.797162 -0.150551 0.634177 0.269185 0.102247 -0.369848 -0.64421 -0.0692034 
0.664355 0.0522453 -0.594556 0.178485 0.0516454 -0.0128459 0.0213584 0.0745675 -0.0196111 0.981878 0.01573 0.800558 -0.150593 0.629073 0.253074 0.103825 -0.347624 -0.646888 -0.0691252 
0.664698 0.0503742 -0.587498 0.176975 0.0521177 -0.0123229 0.0222335 0.0748737 -0.0175808 0.981312 0.0452585 0.803984 -0.150962 0.625898 0.239769 0.104159 -0.328107 -0.648638 -0.0667462 
0.664711 0.0477759 -0.578143 0.174069 0.0536561 -0.0108718 0.0237673 0.073689 -0.0168568 0.980655 0.0751047 0.806767 -0.150977 0.621161 0.227306 0.104217 -0.310778 -0.649513 -0.0627729 
0.6642 0.0456284 -0.568974 0.170113 0.05494 -0.00892116 0.0254861 0.0731111 -0.0158531 0.979942 0.102191 0.809122 -0.148085 0.615987 0.212644 0.104371 -0.293693 -0.650453 -0.0620133 
0.663804 0.0446585 -0.561375 0.168552 0.0560511 -0.00863958 0.0272484 0.0722892 -0.0144466 0.979289 0.131114 0.811887 -0.146232 0.611996 0.20055 0.104138 -0.276349 -0.650934 -0.0599835 
0.663797 0.0405231 -0.553366 0.166464 0.056535 -0.00846247 0.0283007 0.0702596 -0.0122943 0.978597 0.157011 0.814326 -0.14388 0.607725 0.188559 0.103475 -0.259435 -0.651412 -0.0583956 
0.663589 0.0388038 -0.545068 0.162734 0.0565915 -0.00799135 0.0281189 0.0700308 -0.0109366 0.977835 0.18146 0.816047 -0.142911 0.602097 0.175954 0.105165 -0.244247 -0.652284 -0.0560663 
0.662322 0.0378337 -0.535219 0.159872 0.0571286 -0.00663468 0.0278323 0.0704267 -0.0105168 0.977005 0.2037 0.817597 -0.140214 0.597153 0.165246 0.103586 -0.227864 -0.653006 -0.0549821 
0.66196 0.036218 -0.528306 0.157441 0.0561141 -0.0050342 0.0268398 0.0680118 -0.00900591 0.976262 0.226415 0.819976 -0.138518 0.593655 0.154578 0.103919 -0.213086 -0.653406 -0.051542 
0.661776 0.0351621 -0.520248 0.156255 0.0551456 -0.00447356 0.0269629 0.0657556 -0.00653516 0.975529 0.247654 0.8223 -0.135841 0.590826 0.144319 0.104456 -0.198693 -0.653544 -0.0494143 
0.660233 0.0341001 -0.511863 0.153657 0.0546307 -0.00313006 0.0273825 0.0636984 -0.00522503 0.97469 0.267793 0.824025 -0.133345 0.587333 0.133311 0.104607 -0.185925 -0.652711 -0.0486383 
0.659229 0.0337661 -0.503878 0.15003 0.0558519 -0.00158027 0.026635 0.0625855 -0.00423345 0.973913 0.286518 0.825729 -0.128838 0.58366 0.12372 0.104194 -0.173074 -0.652499 -0.0481582 
0.658643 0.0323728 -0.494436 0.14717 0.0567473 -0.000137297 0.0256973 0.0608362 -0.00332278 0.973057 0.305199 0.827084 -0.126414 0.578833 0.11388 0.103385 -0.161493 -0.652316 -0.0458847 
0.657829 0.0318352 -0.486931 0.145242 0.0589852 0.0011786 0.0260541 0.0593645 -0.00114194 0.972241 0.320613 0.828759 -0.122546 0.575014 0.105349 0.104196 -0.149892 -0.651366 -0.0441563 
0.657057 0.0310701 -0.479405 0.141841 0.0608168 0.00413231 0.0268636 0.0581737 0.00065224 0.971332 0.336771 0.830053 -0.120168 0.571515 0.0978433 0.103019 -0.139193 -0.650258 -0.0418731 
0.656835 0.030226 -0.471642 0.139373 0.0619128 0.00706824 0.0262868 0.0557301 0.00260875 0.970486 0.351822 0.831319 -0.118886 0.568422 0.0905704 0.101301 -0.127458 -0.649674 -0.0397881 
0.65681 0.0289531 -0.464105 0.136595 0.062003 0.00824712 0.0276378 0.0552377 0.00321003 0.969677 0.366457 0.832802 -0.115984 0.566038 0.0831343 0.100725 -0.117907 -0.649671 -0.0375367 
0.656216 0.0279398 -0.456728 0.134679 0.0622524 0.0103962 0.0274431 0.0543007 0.00452843 0.96882 0.379958 0.834185 -0.11331 0.563769 0.0759119 0.100794 -0.108319 -0.648895 -0.0351902 
0.656158 0.0269124 -0.449648 0.132947 0.0636827 0.0123652 0.0285353 0.053151 0.00500413 0.967954 0.392618 0.835474 -0.111113 0.562025 0.0686833 0.0997123 -0.100682 -0.648431 -0.0346207 
0.655166 0.0262825 -0.443362 0.13008 0.0648997 0.0143079 0.0284736 0.052064 0.00606893 0.966995 0.405976 0.836879 -0.108627 0.559283 0.0635393 0.0992552 -0.0928067 -0.648111 -0.032408 
0.654346 0.0257099 -0.436096 0.128371 0.066627 0.0161558 0.0283907 0.0508685 0.00676318 0.966038 0.418381 0.838031 -0.107072 0.556528 0.055406 0.0985522 -0.085754 -0.647377 -0.031481 
0.653759 0.0258005 -0.430012 0.126488 0.067657 0.0163033 0.0295561 0.0498234 0.00870743 0.965162 0.429537 0.839296 -0.105339 0.554658 0.0498731 0.0981751 -0.0775533 -0.646075 -0.0311891 
0.653571 0.0236112 -0.424237 0.124564 0.0693275 0.0171731 0.0296732 0.0494763 0.00931702 0.96431 0.439556 0.840426 -0.102601 0.552514 0.0454979 0.0984806 -0.0709105 -0.644817 -0.0306134 
0.653274 0.0221249 -0.419248 0.121665 0.0699226 0.0165113 0.0290373 0.0487655 0.00952142 0.963458 0.44999 0.841634 -0.0997651 0.550852 0.0406488 0.0979121 -0.064414 -0.644664 -0.0294346 
0.653186 0.0225027 -0.412463 0.121039 0.0702122 0.0176392 0.0291417 0.0466336 0.010365 0.962583 0.460171 0.842959 -0.0968774 0.548884 0.035545 0.0976311 -0.0591144 -0.644812 -0.0286311 
0.652806 0.0227824 -0.40701 0.119973 0.0707251 0.0191711 0.0295581 0.0449739 0.0112946 0.96165 0.469508 0.843957 -0.0942287 0.546722 0.0315241 0.0967489 -0.0534734 -0.643823 -0.0271837 
0.652774 0.02289 -0.401762 0.117923 0.0711826 0.0192254 0.0298883 0.0435004 0.0114172 0.960664 0.47878 0.844881 -0.0931075 0.544772 0.027289 0.0954557 -0.0489092 -0.642839 -0.0257561 
0.652302 0.0224659 -0.395007 0.116337 0.0725975 0.0201017 0.028856 0.0432627 0.012412 0.959711 0.486772 0.845807 -0.0910029 0.543214 0.0216107 0.0947052 -0.0433222 -0.642115 -0.0245137 
0.651856 0.022098 -0.390034 0.114763 0.0737523 0.020831 0.0291064 0.0431161 0.0129968 0.958791 0.494106 0.846869 -0.0888892 0.541015 0.0189587 0.0938553 -0.0379478 -0.64148 -0.0238248 
0.651544 0.0214247 -0.383837 0.112034 0.0761385 0.0228412 0.0316382 0.0425788 0.0133967 0.957765 0.501917 0.847333 -0.0868747 0.539056 0.0140636 0.0937623 -0.0330852 -0.640424 -0.0224952 
0.651408 0.0199126 -0.37869 0.110392 0.0766142 0.0253402 0.0316113 0.0414813 0.0149018 0.956817 0.509596 0.848017 -0.0856785 0.536745 0.0106724 0.0940263 -0.0295887 -0.639032 -0.0209331 
0.651381 0.0203755 -0.373342 0.109517 0.0761185 0.027103 0.031534 0.0411834 0.0160479 0.9559 0.517093 0.848882 -0.0841942 0.535517 0.00628496 0.0921036 -0.0264197 -0.637509 -0.0208158 
0.651101 0.0187348 -0.367896 0.107734 0.0762562 0.028057 0.0316713 0.0407233 0.0170724 0.95502 0.523671 0.849755 -0.0823252 0.534222 0.00256131 0.0923864 -0.0234907 -0.636765 -0.0201264 
0.650831 0.0186362 -0.362525 0.106079 0.0762404 0.028917 0.0318674 0.0398634 0.0175903 0.95403 0.530337 0.85044 -0.0796591 0.53244 -0.000317196 0.0908449 -0.0193651 -0.636057 -0.0194906 
0.651304 0.018864 -0.35804 0.105145 0.0764487 0.0300535 0.0329656 0.0393023 0.0175492 0.953149 0.536832 0.851299 -0.0781929 0.531967 -0.00220664 0.0902581 -0.0155216 -0.635474 -0.0189274 
0.651902 0.0181245 -0.353954 0.104189 0.077176 0.0312518 0.0332977 0.0386438 0.0172685 0.9524 0.543231 0.852217 -0.0762247 0.530824 -0.00404463 0.0886708 -0.0131181 -0.635243 -0.0189835 
0.652293 0.0182669 -0.349115 0.102636 0.0781132 0.0313333 0.0345504 0.0368877 0.0179832 0.951483 0.549685 0.853114 -0.0748491 0.530458 -0.00731516 0.0883211 -0.00946972 -0.634774 -0.0192105 
